281646996
224406077
178091440
179271032
176614859
227168069
172131810
280037279
304241056
224266247
290520507
279443292
178103585
297373513
178636690
304492735
266457718
241407141
267377519
273554281
231080545
187440214
294974609
239563717
307222854
290007207
177938687
177277502
281833534
302866864
168313394
170278346
239028029
175839226
274871702
304626096
216709430
188588321
307998506
254229075
226518994
286502439
171858029
188695651
284209523
310323244
294424339
305708733
216713995
180646609
142587397
179704298
197454565
225959988
308448892
151476623
180174496
219506591
297465158
309784498
210547972
166383298
308023004
301134068
188220605
307065492
240952126
302852508
174599810
171842831
202218181
229917411
171811308
165045987
142590816
170639176
307132006
192073525
145745371
194945549
305422134
173521195
175549839
234081083
201311459
173770136
191777968
165845716
139512803
224941816
167446791
231668904
194911406
210567856
197187761
180828079
303530555
263654680
