227168069
187440214
294974609
177277502
168313394
307998506
305708733
308448892
151476623
301134068
229917411
171811308
145745371
305422134
234081083
165845716
94232934
210099155
272037908
45190223
259955551
15073042
194021863
136679712
89771296
17107614
12038688
268543167
223213952
103852044
17740637
134353675
231713112
145231276
184720450
261145214
197352356
229705776
214003569
34779804
182291083
180719704
264134962
168211678
176637971
156802696
264336286
232882247
11136771
76155507
17778379
273028631
136349773
307958987
223322601
31363899
71945163
223690056
165647029
304212367
272334791
32015806
4093314
234352330
201816824
220493544
77236033
181887644
189246688
195150690
143945216
156035988
172354236
100670356
171060609
229701296
115131969
239504375
152189416
70925566
17535404
164407147
41326014
182724143
249535579
124787815
84694618
130225745
172052718
4389651
162092718
154898196
145597688
164214915
188841628
3761540
2448272
202646440
243230256
708013
53674806
67287162
217676490
52499577
211494656
262757394
92069775
294469392
135599979
188185180
136340577
182103266
149531839
15120279
86730797
220403683
147917497
304747181
11061268
235920369
13988407
221791479
199235101
177595467
289778250
282708905
273315315
173841588
2519726
279569936
184292190
180457150
151682456
213809499
290833832
9869202
159831003
273943666
245972368
178789573
251311317
249310084
230064249
98907034
167828716
281125006
259073163
152113657
51701874
229990321
126243663
310233462
294311078
269090070
143324606
269321616
135856480
186263766
227210889
287209126
162351861
107908944
269523397
294969128
75110864
307282788
298263688
255184505
174430664
206135266
135335424
228207636
278081998
149201787
260792898
232162787
203407228
302476139
195375658
300480921
200978777
296805679
196161074
181014693
262332590
281072886
286797834
242317813
136975455
242578130
155885996
169852495
198311365
261026921
240203981
229245705
57198089
130751409
276598984
266674172
5624015
251420384
270913787
250176018
220584204
33780862
251614247
146542691
84363100
116572238
195957299
260371125
194104750
197985883
206310386
291162484
190965919
121981205
218642791
224134260
77692109
216339641
199035225
209915763
131534586
252867475
51822636
191883248
227584738
84069719
8011392
281672528
32628070
34073241
119343239
107316219
22330837
174150124
34751397
195488316
163207554
71834322
12717123
68521624
278558959
182420447
49767380
144318963
182189548
281048841
251161450
246517098
38550610
168027068
223796134
203298480
240399629
150919095
182335966
162166529
218746907
299172616
105509328
15824687
2953147
160668382
56393361
196779200
10143633
143113845
181304153
70192186
246975700
103879141
132509498
2202588
232332504
4638109
76020933
8177739
9191107
4213598
49427544
1693966
2261213
234421236
2814787
172622209
763942
197975074
118555518
82628447
172348346
15210754
244607934
162046344
254124472
226842611
253445795
186604244
290120464
282547313
152610564
264632748
258200395
160246739
163106753
259174709
210924158
135016297
4699220
184109249
186703272
189313625
223630178
200872984
257482146
258537163
171569377
153065960
234877506
216500389
155585645
283127961
198436882
273299892
207114373
80143890
138181803
154275115
57767173
221692871
117106389
236380342
225926377
193694911
183425552
297072249
159334326
278180786
202433555
272567680
185881380
186723358
267416743
188224545
190189093
237950267
256421010
300454657
139155736
255696322
300001466
157492241
137474209
136737611
297085835
134352505
199626764
196135001
244538343
167494947
200897728
256243614
214203146
308885350
178005873
287715670
291328242
188892585
297626958
164119384
170148972
305161256
145319845
181363227
288568492
238072119
292888214
290357128
170377679
299014487
295110400
309729504
303919413
286221266
283207590
274262677
85861752
43752661
232271412
221859300
236609370
249874444
113951933
23790282
41745730
52722246
49513608
157487171
158761719
197714130
161045180
160664178
258731058
150621150
187107071
290309713
263427824
104645133
273446867
95050898
149043199
276467441
253944038
219684590
159264898
206222172
291419274
156402383
148438720
5949155
7939278
94285294
134025894
229175683
132922273
3839071
111885661
31545646
306493678
10289661
211291432
21858999
160883078
201421138
49572097
4822761
203436133
104496485
136688269
308248953
4908237
598302
161892600
135289623
253782571
233748380
133543090
67160931
155783712
2968726
45186531
164062436
52856398
117006217
34513744
93183000
11261630
43143375
47296219
137789685
156216569
281185982
9796252
142730058
120646075
44460109
8435930
12316159
16746843
143559086
182439954
68402760
142945095
183520956
168956998
18510076
56274029
126254194
164649608
196100630
9628308
162106292
155567939
29816284
280035281
7233387
158510058
153146780
56553924
161696867
154701898
240312391
14024275
69330445
70201714
95077765
140538589
71796048
84731834
56554105
152705385
61370547
22459431
81272509
140526425
137902043
80169003
153767949
90579463
7073460
136026635
147018725
88213781
58784987
30640127
56345683
218342674
12857347
41813918
5864549
23366931
144731196
170977780
41161269
2719541
2797125
30509185
22697749
53137167
181069979
70578866
74292734
302663792
187057967
59078477
282894755
164175223
59392356
10377688
44850440
139778023
287902392
153392745
225561818
143989620
1879686
49777811
4051906
15161367
54940630
283896728
26823678
176090705
19113310
2415196
277869145
173778091
223960539
174535999
109491754
156051211
212405327
279552914
271069240
293584767
260949776
273219338
268762623
135937107
310379064
146836654
96071686
3352811
133982830
136038617
146726535
275619607
275943375
203762149
279990497
296014774
151055379
169444972
195331593
73890331
161122363
238358449
209157132
150850927
107998087
208618943
211809188
152444711
189782209
135617620
231309264
138639712
136159974
151171227
88301771
157669826
8517214
301202226
299778429
58793293
204598350
304253715
281220242
289210173
245872535
239928669
62776129
235586397
7473694
174945180
180002044
199593159
218720055
14726140
226149589
244993285
102812504
147022009
295082424
302163023
246271385
203280335
276930568
206916661
99670032
239926274
91886927
31449943
173901190
195565925
147540844
17909529
134295434
61132594
181572279
132278077
262597794
120732808
14640670
145985705
194580596
224823502
59431373
85807237
1667573
136389288
271317525
295502141
197455241
29501661
189036077
99759298
52130091
106120165
152332022
18350043
88357876
283318436
241637767
85464746
77164033
125353666
209954621
181855466
150320839
217473298
180325611
106263681
143790246
151868932
139471366
192307288
156688560
300166224
138333123
307524430
180925306
189442729
186461041
102602863
134761644
202394364
206141909
135836770
24101917
159660264
62032551
218839604
1313889
100962779
4074640
120032139
157045518
52934876
175251658
311582673
81327261
191765397
9678846
11445710
49545268
30788278
43709792
258313609
50689779
145260819
188819799
11020737
4113496
261401404
86551887
310642451
79679698
42367505
13378290
83885302
107749297
111953438
143686591
179437279
202342991
103499733
29410203
185892085
16451275
53512804
6866824
93868295
159616705
183508139
186754935
161725348
137971061
32707404
286135888
178331375
10246019
126788064
116177138
163715130
224465484
125293561
123546477
263584642
150718203
213480547
238937409
190380196
233922725
1377858
151995187
240757418
220180284
131959081
53672449
268855905
163839012
150143220
241744574
256713789
78923878
69483172
135037625
238418698
223705486
199268459
171082564
26281620
274996012
278293998
141338163
244569623
228745744
168908751
168609210
301426645
273460184
54532423
216063871
250842764
188005546
36792008
141927051
277003962
90838984
247707821
171678437
151704124
176263276
285260151
277959678
53501874
164544655
223387257
202075241
105653270
230334526
196472226
104763184
124220493
294493506
74797217
259900711
302017247
293161705
289011358
164178335
170922530
198436975
75768037
216627988
31877520
274731382
30715820
168403647
48177941
273462734
241715874
175066060
90342077
270209742
41039947
237820288
86071475
6896414
181900742
143690997
222690822
9672031
250833359
80098281
227064256
58816293
229849208
182226408
248492591
174671790
171980118
202306827
300523007
251485833
138609774
68742839
290547622
303523407
147764102
153660182
151284681
252058630
224921379
165772478
218606438
166426324
59492890
200174714
197186361
63128547
151396245
150154247
223401320
151329183
152974452
219999483
210212089
186372773
152272883
195085816
197867081
113960064
146534446
181443280
45364453
288103232
154380256
127485408
146568239
193846154
192573007
134376800
248399368
189310667
184186291
157584510
254663194
32975296
180334863
311524116
202729442
247643458
3339970
180952435
73867932
3512585
142239569
267118441
66559520
94280429
198587603
232885802
214414835
88216684
233877242
96888206
92292685
141102814
159921306
81726538
151526586
205179465
145096787
114370283
282714174
145782029
107153333
170123529
112913907
134987627
145323623
106080934
16833
118289608
63898253
215876005
194605706
279663301
58505486
123837000
127128057
120140551
62010086
279766691
103790687
264332188
206284429
95842473
156510427
257718796
152271896
113538954
3467061
21118469
140989112
122333943
294156798
106517662
16408710
83492218
15818803
138398810
137427281
6270566
61469142
64788520
153226782
187592953
42124314
162074053
90185113
91250251
34411267
62629507
31505830
72982620
48539988
17886625
137652015
61534155
69734737
37582565
224064476
10945743
57550035
153318881
71876228
77791958
154155880
23097963
6380131
22704996
85690348
103648230
90448733
4188687
23518405
233926670
94822994
180487802
218311907
26657720
141790376
210020606
143104494
48199349
134167191
8898488
125512259
16258629
52121203
85220810
146490980
3102582
6187640
22782677
3440942
240169680
55501482
44563401
270591594
266241254
36864692
227520210
67406822
26628656
20783385
15187288
136425556
165573285
44207937
134005574
308222985
173640915
135385410
224129994
179807924
242701367
79924768
217598992
258569914
58438389
266920215
183161649
206134171
211581083
212446336
154279444
198598191
152079191
159725277
302750791
145517941
160985217
146073795
147835213
180294646
190943733
202882802
155468131
236172906
215544540
216495276
132079958
188950598
59545291
225700565
160763845
247191932
217420509
185643251
132848708
222764118
139333255
139157593
184250084
136159450
298248666
185094195
158039977
266153289
221796895
226473061
249454262
197982911
184333570
240606750
141814595
232684521
258465045
238734571
261674156
178214450
160238094
151641406
297072203
151926531
273535070
299837062
290846967
267140801
306443834
175919974
1598411
37037363
219338481
136545780
231273096
290624380
185311531
170597053
62489503
7269558
2603308
145216379
254247316
186347587
144055852
220343978
244489681
54943593
167414856
11286324
175405451
210520506
62908627
152794684
256384234
175028259
23370989
1699234
243716488
95265285
233731431
60029728
99835876
254351571
235364858
256975847
235692099
157786793
213561657
111435955
147498212
146574441
111066251
155308618
136258058
162709729
134004717
146952331
51480609
291453325
8680285
176232306
16110719
74432994
10823730
175804049
71603600
89711782
37248625
230489085
278175285
281843280
294827674
270425524
141262185
286426717
187030979
115088925
227978811
214860789
102922996
164494207
232949439
23559182
11662903
87622484
67971592
157083213
20522313
44697491
12791379
99680023
7709448
18008471
158099239
53451477
6705759
155301699
93705963
23137417
61520368
57053849
258695027
132494087
7685339
115437181
66495507
19652172
226271040
260284414
275516278
178066071
236625755
143153749
91609685
288914810
243054760
145136202
114303073
15347235
268151996
146920494
11286324
193757332
157412587
259204133
301710904
294929547
159743943
278738667
106013561
276737840
270545057
132091705
270933083
226592882
303347043
186145120
121872224
288914052
227688907
306382796
264722299
229685303
164013051
293410908
294274992
278255088
160032701
311603868
226856149
260131571
151926531
213382493
193082385
216366407
209663580
156853203
229268682
177926680
300766761
155453254
295641897
299940369
175708881
297173215
294047182
293191375
286661510
304311334
177486932
97424779
51924187
242303916
238819042
132907147
152370328
268192093
63314441
287917447
255192558
188874862
287199328
195605752
83293140
171971593
102416714
67401298
11796793
4023392
189474496
242584941
183729710
152794684
203908043
53274679
143831804
206215365
290994542
246141976
231177227
167414856
175028259
256384234
210520506
16515598
243716488
11438819
225820701
205553119
252821595
62908627
133496389
261482671
137946542
162579904
233731431
7729369
303332218
137719839
278796272
254351571
281877367
28373155
229234414
132400530
162412954
286025908
302460292
13073739
62944934
165169379
224963953
254760961
283337541
169410018
282141251
181858253
287622910
30377582
135553868
234279313
138212472
53615900
131606113
12678572
69337249
54239039
78296213
267590988
77954507
239002981
268616251
287817617
84681520
232558976
412133
108396354
106242663
264654443
242741951
78589307
76311381
67375882
77537943
92422333
88502399
94237024
161041493
142190640
294904045
139335688
180963684
102261995
187809697
65319738
146396966
229659938
106386144
67219715
176286973
201234978
17526501
177479720
290917125
189419179
197873060
159815821
126438671
133598678
69730583
187202709
155984087
143780877
90052717
295465957
13821572
58043278
59100771
245051318
138045288
126363484
190877402
239581615
184899632
240049683
108533209
253430963
195416092
236094562
194727360
64137490
190035999
195171997
85476052
63919158
134443193
104639456
94649647
106251386
3407472
71902883
146855669
175272655
72418566
88907807
78534913
221930645
78446166
217415885
146791925
4004602
155305566
270804758
175033130
189085875
140041940
134606257
55721042
145274310
54850886
6525853
154581255
226545866
74633869
7742188
16104232
223552219
9022687
740253
8973443
6244970
103116852
158710208
88486270
209380523
62576400
31139022
108984834
24870095
150601109
298269699
30572422
3066017
61099532
143294535
88725443
148915721
32858956
42329284
6459879
205394944
5691501
34424126
18945583
83787131
94822994
244489681
214397699
58584572
311537256
87956463
18871581
147153303
135393268
65051579
23027012
161610003
151972727
82462879
104401456
53938810
203612854
27008026
16255607
213217152
294595422
105226
43377454
13370131
50475027
141054760
223440181
20841771
176232306
92806753
3888071
5446161
1791305
203598043
7231078
29658458
196668976
11351101
3159244
6212002
147724563
277905954
19490501
293502233
94068571
3377715
26307558
214012629
6796590
252334390
6948343
59534943
257382612
153568726
18307446
234419717
124140204
9281576
25211630
12340192
1871100
15111876
8947871
36697798
55501482
218118070
45820479
9641113
24867512
2750770
152823556
156464134
222156000
152582835
7856632
38733869
154345961
26760510
394285
1823672
6564599
19453089
4409724
170481244
13291927
4694817
67297621
15049218
1489944
2810762
143726441
150860814
126177043
100968608
277196884
278869739
131530750
288142883
90598109
12030106
148326857
214799655
1426838
304523254
34843032
27429519
18918673
208502557
62333407
217930632
205668160
29501169
23117070
173656632
173079749
182727000
160776070
133803669
208977150
274412818
171348445
130849272
159113084
187176248
172754481
65292954
147546093
168577887
165833671
140542183
137039180
159656707
268308796
51802109
167366456
134387642
215264220
128038885
182134873
280696069
192507516
229242976
150414572
273191253
64760330
4076706
228308235
133228373
57191572
178594216
167321037
53492736
140876351
191264007
147047903
139033564
123564652
94322142
272434048
290844190
212468599
54606112
302129079
298531554
206829882
26525481
278203297
276848198
108743516
165661492
295522968
222143427
210246718
249434385
259915571
280615896
179736758
205179739
180719695
52095196
217698886
205430552
39018894
250919124
286848236
232537634
100971700
33600338
233779561
185712153
158039977
184527553
58601989
151120790
33296017
50064364
170593875
54494673
45288376
122529828
207556400
215357614
8970312
24361903
237653549
103057671
122515807
4808037
91253712
234750487
253085694
46785623
77141463
51651991
224264369
128441297
27613470
154048293
28143632
77631967
33271020
75917883
133263488
29079028
28764582
197381791
134152903
132171702
90023525
8957200
199833189
139344245
83805173
195368585
53323244
195222279
135115617
39744823
40679612
18642119
77972866
131774323
300948916
275729803
23518405
5206013
151494751
62410089
259258637
49223306
218976161
100929046
10352702
157786793
5116864
10291918
180487802
48141946
118829476
123821376
82499168
6262481
24435677
51655304
165782924
67550709
180294646
63517150
87434145
161599563
174755654
19346423
249339358
223006601
260425223
60246588
95077654
282510704
172797500
227771546
277497775
39565894
122319956
197156840
184668003
119229398
98003190
32677679
28754403
194260205
205670980
137708121
228946604
8326816
63647493
133805649
177915001
262404429
138133108
195525243
59489995
273786224
25034661
8727617
302531396
12657446
229234315
23617771
175405451
262575596
230969499
198469362
173647964
3857716
305417877
148178041
258951154
290485228
285408811
251664842
137259846
251745579
237538672
223940379
235953550
80255291
77335421
257025479
153710347
131958596
149087049
13674032
193074231
109332914
105810944
160722194
96445550
267634531
246965439
190640001
242578328
233480964
81866799
29759635
9185640
4738503
76725742
8447763
4375768
52512771
114744651
205283651
137501945
23317872
95643713
7059955
139197044
298131000
61892799
257871206
31371469
56218587
69360943
58420932
111420988
70456612
124951296
13284867
42574561
22149109
8785411
112577207
1517312
218559900
3550324
27078054
1877344
152144020
139127212
80172882
31534081
170167710
174473785
30322004
17179128
37401151
17630102
17684301
5533078
204469007
75270361
51441595
57036970
142572539
96619041
162500829
112763863
17795942
156155316
54067244
84880922
202707457
96657580
241603959
156814278
11883430
234016920
8746144
12520685
96766674
53371900
68969013
147840628
85106505
181106856
99638552
214906943
40669545
29269023
69121024
179838873
219004049
81297828
67448790
34388043
132369545
39902715
200966585
218117141
90365939
26924540
277898233
276182660
291270831
271965581
111457298
13335889
4816380
29670799
33369938
4361415
36704138
52260324
34565034
294779112
216553559
239100186
199384494
150650782
216813302
248852061
144683152
146629078
232868870
155048756
194916208
203091032
244580224
187499093
74854946
163909887
222270694
266931284
243596711
295151854
61775300
83276747
83058021
211771665
142836211
198014734
304826751
234445996
3608807
266167561
139556651
138543351
299809462
202150964
99144090
185731976
230881431
243953848
98214781
38499271
312613933
265576941
156337706
281150596
243685560
170861284
279370071
155357996
312224049
74371811
301932940
254697186
238734571
273048523
139439734
184369880
152052187
258465045
157688023
151641406
233582749
184333570
232684521
249454262
160238094
175010827
133573705
178214450
208309401
156548859
22834989
46047831
70688654
12766643
47648929
119643715
291854507
278084383
7425768
146431577
22604745
162927422
10019029
176788954
120057130
227139158
145429844
33767853
101006542
132693306
230900912
9886010
95612614
180542383
229316820
5806157
225930385
171147056
145663968
11096959
140616197
102124403
57848036
92208774
11694511
43467477
89586325
243255300
22944347
165631069
218329410
10389885
259025512
43620592
210280034
34441868
125877872
64761167
42685056
171576876
1708433
171682395
159395855
276050345
5743908
111201924
93890896
268814575
190253770
124876820
183168723
151987314
208297954
24831502
179805703
22353279
216511110
251131271
291528925
188397752
232666193
299837062
279566643
205904914
298936294
193895011
284029618
152094728
264547000
160083797
285530840
264636187
270559044
291820461
278808945
159388040
285248650
258930698
296175210
285828498
267396716
232077016
258574596
311739184
180764178
201466893
37037363
170597053
42110118
135934507
152397113
290624380
219338481
303388884
152533393
180876439
2603308
6065686
186347587
263160904
151735111
196923180
311165917
280424494
221769780
194718900
235692099
112499573
203471800
202335320
311847488
205764379
173076008
58397132
221961561
241483405
275958921
245632274
251880995
204041091
288724115
203076171
114047944
180294417
152038010
206566593
139228801
284364028
309745442
305089593
236446486
35917069
200952204
212060095
153742058
266274803
143785489
5631582
20353598
256541007
151638078
42227808
95806154
179332504
285376812
31647975
62947397
216343186
166684426
85307289
110801632
144469173
88627783
132122580
155039772
3321939
256875030
138493543
254921058
175088524
10256845
139898832
167578254
281053931
106131677
101939448
144599990
92173108
276843291
154418505
94419360
7865625
183753180
56494558
207191825
20275877
208972317
3973
30668425
32707640
15938658
19110364
26459642
224362745
7355047
161957196
8929386
620606
22934836
6471261
145693480
221463464
188937874
262155799
306643011
185891773
169260436
210294445
270010179
54197710
185541949
50091454
75564423
279759024
296187901
279114052
294195004
298534385
311579102
302229771
260375192
283421813
169469322
260461552
209121707
281677671
