281646996
224406077
178091440
179271032
176614859
172131810
280037279
304241056
224266247
290520507
279443292
178103585
297373513
178636690
304492735
266457718
241407141
267377519
273554281
231080545
239563717
307222854
290007207
177938687
281833534
302866864
170278346
239028029
175839226
274871702
304626096
216709430
188588321
254229075
226518994
286502439
171858029
188695651
284209523
310323244
294424339
216713995
180646609
142587397
179704298
197454565
225959988
180174496
219506591
297465158
309784498
210547972
166383298
308023004
188220605
307065492
240952126
302852508
174599810
171842831
202218181
165045987
142590816
170639176
307132006
192073525
194945549
173521195
175549839
201311459
173770136
191777968
139512803
224941816
167446791
231668904
194911406
210567856
197187761
180828079
303530555
263654680
