255451708
265941250
308985387
238522049
261020004
256610861
235263808
256620500
306949996
265501109
220279931
308066460
257756152
245519604
295881197
225505075
257714351
307906218
294324332
289826438
282847785
284212547
301762634
288562594
211885844
305243036
252518101
307948617
296535833
309030616
255755376
283785733
303737262
228150021
204820003
268407641
309770852
308888457
301286079
234844035
308304398
269121841
234762637
233137966
219120667
243369008
227551786
235168702
185308981
239390455
237875289
305697871
255612675
231653099
225513746
219309892
275481418
243248459
220726197
302964532
238569495
268715311
258000888
228279623
309105231
167661190
296951246
298847386
226229928
194794205
182794538
246679295
203049177
209537931
204929551
209653378
197530416
179279878
187568834
243941199
271193835
230016515
210982411
282056875
234062890
297097184
192513961
194263272
238565341
273075639
184656680
254970703
299919465
194077557
226856149
220439363
236634320
213382493
202220143
293446762
187192954
194354284
178107967
246243428
228112717
247973826
216366407
198793959
181014693
202731950
237262444
206870370
305506098
198735546
211116085
188563580
203815111
291582542
192650692
286561627
195073098
262389043
232457067
263191272
284915365
153624692
233621195
294661688
270656832
289004762
288772897
257517319
196199206
31046732
233757300
302670091
291270831
171025482
138841762
245495320
250824461
290264275
199600499
268366658
293313586
232593714
277148638
243000871
210972958
237822764
252995912
12971587
251695829
221878767
287359777
131695031
290776500
253542312
295707984
257869970
274592940
243594481
244255927
213864558
240474158
255406211
56199515
138961038
253753090
235633593
33478494
20473064
214203146
237674395
198756783
302613688
274910354
14156763
227084909
136836303
59487722
275830131
112992341
70787926
107207108
279354067
262921351
185415505
63314441
38369811
45159393
51058629
256719651
145689765
28041704
116311528
171971593
268618907
267950133
265019163
35724173
102161376
281756164
189624570
156917857
150654845
171304025
155162874
273688110
59679465
71336996
263994258
168442785
62984959
247185719
146907731
193901919
22908977
32767816
231092555
261106741
189221558
52722246
137118429
30652207
76858234
210973692
263794795
246357710
285650686
302944763
289697448
246199184
231118739
250699449
165463506
297101829
254067470
266612388
225623097
131922931
204063631
279432063
228260739
120671145
288589316
118923292
133240899
186969421
232135019
248405109
136328726
193176984
163019463
188804125
310848792
253802801
261388937
260530182
302313357
298082626
229463682
248877880
271882683
165705149
139254498
244379646
281920484
276010329
211424784
77557995
197711555
172453930
231827811
265416313
224226403
211298300
246975301
276649446
160099959
304245741
102044773
274523120
225250744
159001956
260586503
199669957
212498706
252905953
146152418
257944200
254117868
282769450
254645907
186427673
193933654
269273074
262225798
169724167
262993021
174116585
273085373
242732520
294345365
19087294
265757580
256338277
267889445
285395437
230347677
198430804
223998740
230385562
174164615
275956563
284088345
122491095
89596365
215412602
207314310
240949583
208179725
266043487
239133255
226885972
275869679
138551463
219607627
215273719
229440524
243542932
131568598
181674264
172964743
215693263
263773010
235413943
234156399
239950248
247150205
216420706
241538858
308306654
243279002
259307247
229734191
271407355
243046490
214423226
242482280
146818103
246748588
278816292
196185126
134854398
273892306
222438762
207092709
199089811
242160511
175357383
251200220
289359694
263370897
225457330
195415317
28081595
172246924
254841335
124989832
272988517
181339752
212362055
207458480
280323842
195717905
276643458
264608752
203136231
186677151
282032843
172196074
237179728
284118802
23479112
280034275
289749496
219380055
184254207
251065478
243183904
307483052
136221558
194251413
232762917
287644412
202783537
174007412
284181772
249469827
264938965
168607176
227519857
165258638
273433117
240406872
198481894
281679866
165148126
241387641
301182741
269429428
251262778
90477230
271326483
121731794
289293465
282855426
156207195
164155709
197205583
293283038
228820697
197303916
164382422
232681005
147419306
196232733
138089574
283680692
279331361
176181433
260533357
70057733
167777876
166520142
200309032
181589758
183119654
145287043
221695931
207083933
239174708
132562502
235127980
197141032
251215766
142078529
136137061
203409231
75653752
159956613
63646428
235782823
192883546
182857510
178243780
297901552
110012007
273882244
156080927
254356950
40698084
258545781
283093392
250991856
234186769
154663154
296700150
252104559
241365529
186723884
214019246
297896927
271064801
279476367
76725742
137344268
160731214
135037653
214498187
269775569
4908237
272501447
302730177
4738503
211997341
307790262
74074881
96722775
101097718
84719896
296602603
192671184
235825963
289183169
207520335
279484016
295261381
293472457
208266651
62325228
217395587
283060261
598302
229580500
49819587
300112362
258791792
299616776
131152277
181071191
224008016
137846800
102515701
241190441
257534928
37908443
294235890
104802082
271448641
98280841
297609892
106273965
8809178
301778912
178346977
190426020
253354196
218035993
185780592
208235957
301322306
16786217
303176819
287631080
165057643
62513187
164376156
272341361
255853828
55156642
251994563
196629203
162461078
269078357
91175138
100199703
299357082
214067061
107024916
72958373
254791999
81044060
18164751
231103952
169494978
273443986
125021301
11154454
212876640
173417635
309442006
166795736
12769372
137231981
296581902
148924492
185838759
43924648
157422623
124291225
52449023
164769258
147793150
182762335
127005710
233533055
258832011
89761602
235548272
132206784
222329474
6689773
186197729
173926379
8870314
245366299
263847979
195886156
264714359
2500474
37224993
223884850
98118757
89161796
221184900
173153634
11955392
208779139
256664058
168298686
192684994
302295180
19680983
244315596
220190871
1731485
9385915
262003705
79326659
181860134
238456045
9372005
122102201
5836636
218307146
71842379
198411826
57698576
112800699
155013283
22757384
106122874
99546131
30008639
102848390
53451477
267302170
229863208
145157959
175838003
15252311
132737623
92725135
283653128
210298749
166506617
17087687
265203810
196360363
135657135
226189364
228755681
202259933
141839058
198323966
40304623
19735283
143976073
304410296
153904364
196407990
229412965
175723746
10363044
29356737
113526398
16878981
193974707
75602610
166349073
147139862
170708002
7616636
195898825
161075791
209624268
178597269
227953639
219099746
199025075
200621699
139922600
223494921
189470517
152076529
223915169
222307015
210553852
176038220
76856086
217410937
201951873
38229425
173535976
135352215
236660412
97874899
230601149
5374735
31289252
183551197
195949681
113107084
280303653
126428242
99465612
151161766
144287094
219305682
172572742
147140694
155036071
30323316
237805188
171021360
14209323
148919792
66730049
184671507
184373858
83221622
183641996
181001986
139127212
164407147
274756780
72565532
183465796
31545646
1985159
184968177
187842468
210493805
226721464
258036945
217498881
293541283
122067422
67045323
187286946
121072916
152338316
124339434
215150986
277590193
135131943
260296069
190647584
34424126
22543464
161788793
259392321
243276117
206270790
265516720
152352222
164804315
159325416
255849988
239577458
222401159
172363097
147202180
260391278
65292954
273534055
225409547
222100730
309135702
140436873
271126344
205034048
134646366
286997136
214274255
226674641
218315940
145551033
222286810
220322321
186562234
179000827
253192547
180335098
44207937
137355306
279803895
185511407
191154281
244202196
249422178
211685730
259143013
220448163
237468216
232795773
150387706
170245529
235186608
132893818
268873041
285992821
244051997
155352360
166291355
179273374
269423627
279645837
221658949
231421734
95587840
275649587
192616826
179799035
1843656
183762341
13490329
210943062
266471516
273560731
243561857
136679386
202620974
264614521
219572908
62483208
226528735
79038513
251838016
175882601
142797937
230322111
294902759
293269775
154705451
229371662
271933332
299242968
238972417
250440153
269809786
208770416
189390527
148169206
191688338
98162424
240875105
159028166
192717177
101323240
138949425
218448384
273971855
182051671
228273726
174434692
150302983
294010154
257138317
183425552
224883805
233378735
263201190
156459724
242669021
271931925
158517256
274897384
237562129
269115343
249425810
267681337
182158855
222962522
231805925
262827685
280314798
195007359
222549438
285260151
217650798
218543997
273073127
237053281
272435509
259717653
266629977
116346652
240473624
271228783
279038465
276701056
237266006
223387257
182493668
229116632
299376062
224071708
289978711
273494416
183559625
217320080
252203339
201833466
251001766
202682186
306255753
181078249
145614748
221074597
60785373
168573873
186039246
153570234
267673919
242296342
193347843
70898861
288352261
207797367
187323105
174942312
271533662
191011110
225605207
271255141
200127063
233050153
214945774
233035718
221256164
271889275
215079457
95825479
287810023
187116428
153887073
216972816
236993723
265600928
173065883
132866754
156764971
269640518
249132972
237976981
134456405
300498303
164063515
170994119
136077016
255666406
296107833
211863091
239235498
194770644
197950221
299396163
179392956
216521203
199440927
167494947
158456731
175010827
182710806
300454657
268722598
244458152
240606750
156365885
153412570
136840828
240936840
87555294
188585001
297085835
217931830
179153428
142457055
267049560
142783552
164118363
174813106
229214174
266745678
175571530
258586682
159338202
179996862
261733278
87469348
96815112
98026676
164138457
175859812
184369880
305968590
225818072
256052678
290565605
306924710
259910671
204885429
307518935
228037846
228475877
260405309
310692031
234378002
303621780
225732394
274017549
214705955
247406957
259516303
174385470
207344404
291610741
258967182
194607505
228060787
289280022
281301337
310107931
306624868
310301846
297184373
241406226
239340812
206089594
299824238
233514997
256811125
302010848
296489809
304427012
256730603
308553927
301472633
310119888
185747615
206401398
199333538
304247170
300948916
239969681
297217451
283459118
252962246
304473305
273750605
272807836
270671369
262985155
203598798
310174357
275927183
307304660
307161806
196165047
208608719
278919210
246972117
263447119
234714810
307746033
275615855
277714008
184695675
228634295
234135072
217008726
269988294
226903829
246733306
308350458
268754269
237252654
300260707
308726713
180353599
187986156
284209523
284029618
188588321
293012630
171882586
167409454
301220423
290973615
213934584
178091440
183234688
212190420
239028029
195105534
186849053
300139783
214336334
216597875
174195812
300146022
262028653
310836558
303194988
302866864
150598862
259371289
180464093
166178479
200990356
281833534
171116053
176614859
240657385
297373513
243335033
275336369
226518994
42365452
307222854
175833725
214196815
185767301
196995375
306053008
273554281
276110829
237365650
166572475
196285034
169684819
267283616
295950473
284255019
305348996
276205596
253619244
240515539
302831799
168948066
253614073
305293795
242337450
308735842
270633116
254291064
242105355
270517606
146856296
287289649
164296278
299861057
306952455
206751750
247802188
198161841
290245959
260775753
285014834
169382377
308924070
164831706
298936569
298092234
308557343
165496276
226919941
162927422
254878947
237307404
282244978
303644165
51499729
236685799
235574898
256098144
247928650
284406551
278763113
272191018
261838493
236429557
251571756
304306840
240287818
205055807
284890318
225834788
284405004
277042136
243947367
222879236
246081296
284025440
232651205
208675151
247442111
169317573
230882815
121505079
212674141
137526226
234058100
57851827
292890995
273202541
295597903
244271964
239145989
278964715
297001394
289305866
212108579
228438964
241551861
236846205
239194764
250823317
261376446
250701023
263218009
226114685
146657343
95168793
239431750
222328080
217490911
222330817
295036693
181639964
210552213
140487095
193685772
185316514
199526691
282735492
260394422
282565223
203530180
306460858
213518637
258787201
224053251
59572820
264676577
227284649
180204264
302399195
181751017
307076552
205827051
15316500
278295241
199767846
303555677
184953402
33672156
23115286
263178186
301237538
235823149
78126659
244947657
210046569
178371763
227780238
186996010
306071225
132186820
190155371
182210341
195050360
216064480
39868656
220627825
209273796
174383653
100576029
238529303
205262135
208792813
258442609
112414125
202306827
73433327
221961561
88651392
153592390
213417194
56806605
303450152
207770619
255337172
122576168
199478414
174098709
203322187
263794860
136791455
4791787
206716206
85349522
105429417
21820512
182130968
17282539
150345206
177893786
48580362
114549924
231961909
51612985
278935051
224092038
63559067
138115969
266493787
206234552
181979657
276950682
213669100
181301755
190456395
124627060
185395677
68698680
49480767
277119072
281363326
271886193
265445957
262278572
169931704
225653937
180534614
292317595
253425563
200174714
203776035
236241011
288839072
223827089
248335265
292055866
236815061
295816455
298786915
294053283
193499230
159056395
80627004
289394167
164323613
259426494
95050898
180000473
247863203
307891631
210726646
289518368
270371407
288488546
269627227
276321571
283331573
198436975
212958460
293761617
281508986
96403787
268503358
241898732
248237174
182034667
221596104
183509061
240745512
59492890
235262074
183155667
282972643
223058856
197083239
286189243
193099861
307778880
258169465
265662956
276577982
189961126
178957736
213282669
169750933
287081434
77467287
216360117
185920013
168550289
153645125
188745651
256801843
195682774
177965422
265688944
222986141
193746623
282254387
257485307
214375322
256522330
245414933
153084680
190380309
229344699
221556751
238452278
197847270
196361374
244654199
269133476
229920033
190184502
193528916
131581929
222748163
250284237
253799065
229847458
131488441
133260171
171479576
138908434
275626563
183804395
173306547
250404868
214574175
193741450
53200315
125931578
237680599
184158887
276816675
109504993
70037041
137438532
171194534
242748937
176463562
130951311
57653289
215253381
187627790
163945458
261031248
122587359
164062436
151873049
178905476
263529993
140705407
185970140
272087898
235933180
89445982
232470799
258861942
185808131
266759762
250588328
236721758
145324818
55934403
260647683
162195219
260518277
167767073
259497449
80373097
233808535
265349478
169206514
201101311
153270658
282659071
219501446
244958175
188557667
263340338
179143245
137172283
223427402
167192092
194270629
267150422
160449161
225470324
136634065
92884547
180892832
242851692
233020477
214936460
199555000
266655535
185420029
271283358
195762397
268427206
278636443
192214598
90185113
196089183
308718494
269244302
118288020
237514522
229285245
173596538
138331632
183966277
170047987
152280859
279555861
247278716
89852818
259107836
294905083
222093233
131537754
98952299
208465750
205580529
260938420
179541755
244449590
214929958
125019194
183215817
267799437
52669593
280605944
251967014
67345735
257482023
141396667
142945095
55196887
201262269
33223069
103779859
19738908
181057424
190349497
191525191
246810723
255158785
239036597
288655525
17630102
9431998
52416857
6046819
249371418
170243541
213859269
204052338
9114173
154021779
299237018
270404272
193933945
93581829
293261539
251702332
268125298
153818985
216452454
77183538
98410504
224726545
262210341
196621964
203286828
300380192
155300950
217181754
197616746
168266999
245650031
219098623
266855709
134565521
29902476
227362751
175424258
2337219
22136851
213099927
261250983
160320560
158764709
287692464
192656535
122642561
268236461
189913420
168571578
253058563
35772984
162467988
166683567
203789565
135396065
248991025
153541846
129944797
268046531
96725460
169807222
230272023
169175579
20940596
174218111
244245568
245945638
201921917
231886221
182127026
201450536
199565474
571547
186085166
277039545
175769834
255579020
146373148
168687621
4519364
169448276
258607247
251241000
93028008
17072298
217712224
123355643
187832326
31748081
231820502
299325995
113790958
198982882
139542392
16159975
43471388
206263573
239796189
193172244
235331240
250305556
66862100
172916139
211929407
21928243
6705759
186757300
32959324
178312784
21709034
153075439
131681440
305471109
295897028
207340494
154857720
296427275
65673432
310283212
226315873
151845709
4416791
211622474
157610061
141845676
35269859
58573868
188233199
195616877
232515512
253565567
153569698
220478446
34445149
247552149
6009234
199379137
190849932
47567915
71465598
16382890
238369158
3206973
133875400
236033871
227718498
266603145
247019477
249468099
153825433
243071369
207006671
179396040
41886860
76233843
30457926
74987152
187960700
7340146
267288739
236795094
12167053
177667372
113364572
8622045
199408005
131614205
153503622
175387251
13154568
14235524
45398022
161647971
272990243
260994348
262391269
250290560
204766785
160532898
139333999
252508214
81354206
218689029
196813468
165865508
224842933
44918174
206636084
197096935
233665360
51432423
233324269
196113723
140183570
3159244
74095474
178011603
171125804
6212002
22281686
276232207
296939212
281536186
247162080
267148450
302662440
293673489
184961979
300177248
230108689
209575627
68652408
17773257
267147219
67458392
154935349
146248588
226618075
128009010
60870751
78475140
122280079
67638881
68472440
167192161
85795955
233588886
298231594
274277990
279043804
205116872
158957474
276410890
273526912
25840628
284318655
265715359
222044697
6447862
291148899
64417218
295266460
135095400
144447977
221861015
93063422
232783497
240112006
82488933
244901001
253087820
6925866
145274672
162369776
178296535
68185743
21868824
309570981
243884244
658697
16395157
257146849
248722523
145112845
298688760
175502141
299807207
55568877
154085811
26802740
66990647
209993592
2117212
92441896
26832877
193382190
8622689
133007520
73768561
309271715
198018477
142928720
10196431
149190152
244581609
50519220
139253620
254121364
41819582
26117939
24664983
206768567
142989165
143836702
79732472
304234428
66194420
85807237
227927729
236585353
220348942
24147996
189655346
77475480
7040343
226002560
231302256
4948159
71669059
8890705
266435045
28640225
269479334
5872123
222318150
164397116
307167241
285768243
231728989
88246167
260247999
7321634
151786499
78826945
8370751
150719665
122687362
23139671
17227873
74862390
235621509
140716908
143774003
231003414
8939539
205004928
125153250
142746966
208176398
92695714
285223186
234957949
12067408
124496195
206234224
191502908
247688144
157874750
250450677
118112900
260222081
253648158
152673453
13816066
8583272
262794672
2646733
2150542
256125700
172373167
203512606
270036092
206529874
192008886
167216899
177490592
308180338
148373610
280660075
246108383
251892398
133597167
163463027
292461105
241927105
86186421
187185437
142836211
273689658
296926806
233881875
229953751
224696682
304653908
167471862
256138577
161715204
187460961
118921726
89786797
153955844
246115572
182149000
154466354
269613061
293187068
222780084
123739955
169036640
221925501
225595273
200517151
276262118
271595101
266282557
206699445
251530541
220143183
164413051
275393824
158275471
215068166
301715284
256087915
239562798
235528201
227001767
166301833
231550840
138786989
193294466
256769373
53330966
200357438
301130980
196670538
252174400
158617974
188445564
237781796
171471456
142738432
44311055
239025184
199250157
280548006
147351127
244226304
96193202
228181509
111611791
211244830
279084147
159485097
227882853
186813513
254256887
190691477
173128287
187062161
245884498
268063270
224043165
277707330
208209496
137937041
248451626
231985217
163834151
185821589
65323550
256335313
240260305
215304133
220068175
204204294
269480541
226969731
277692222
236642873
271490705
235475470
195628567
296232524
248010806
267002387
251026357
283052316
172753547
306238589
255263393
209064680
281298001
237145122
299058814
302465733
201937347
38499271
303693491
203717522
292680116
209462705
187878717
306060025
225842059
169850029
246015596
288014745
226088632
302668188
299962107
27132011
230713640
278203297
248645457
308341854
262375247
247773642
219121553
201611637
198167985
256357802
239116012
245282449
273050464
176762791
227882881
293450870
266850581
167805888
279962507
76562162
226473061
177030097
228351903
221007238
177557511
289876075
299930301
217522211
126442397
227498789
222153162
54504715
284232737
157873181
282540311
136502823
150484600
199543172
197593518
91253894
197144607
207165538
154310622
184764436
229806880
222868796
228215447
210116205
69832463
236182272
216929626
177122286
175645980
251501419
66490645
260755158
241917272
298081911
158103960
102811004
75564423
264722299
294166888
250335868
228856469
271577803
264308407
234357919
161579563
256351284
258654524
227047247
177032305
265249212
53814226
124887041
83157950
133758298
51973681
293266706
287298341
248760417
292524574
207500607
286965627
225080720
260889529
249957257
123039296
85571070
175856697
189365712
257304261
295162895
280689753
274966123
264958926
231812468
154173279
304229788
306796971
236428911
282733230
234747587
256916655
294313629
287041640
236564399
298228865
308819773
269081298
288821347
206486798
180493206
167021051
220336961
294568342
307930886
227166416
308630212
308720016
272316768
293069889
294321991
308577767
248288646
303974095
293716452
165106986
172632628
305164158
287522897
230701471
310120820
214469479
309389420
209088560
300835818
257363226
233664777
272555506
213118819
278376473
272748196
277353541
257505120
273796731
308680024
299631034
305934598
253083897
252359262
241233411
283529140
186209656
277690340
182542688
218328353
303743889
297930333
308519570
272661991
264987632
308941527
308469762
189251202
295333173
267617440
295454856
210597294
298701882
222382748
168567331
222333591
237831752
187406985
230865620
258271323
170351927
132566150
206949813
267595603
285002034
311324916
291503308
197912027
295817862
299173736
198457674
74348800
195437277
293826490
267864495
96698433
34513744
284981577
179975552
226083125
279716009
301961098
100043123
166574338
210250285
169908249
81380937
202801286
26939653
133805649
269361526
275837847
75768037
272222157
200606472
102907015
264686105
154902106
222851445
594524
305388617
250782854
292252322
211654465
152980025
202963078
11419194
262590623
218732625
251918334
77919728
168197471
276223100
311167713
232081244
25848684
258357850
211500233
143426575
170922530
107760312
145834783
183613923
193453415
272519786
234286360
266306756
95847293
194737976
25947162
42110118
164896004
218720055
224469582
272692313
11488802
189085875
254247316
186347587
298661663
190092954
270695816
176793325
245896688
280143448
134019010
103205995
137381294
248564742
271220494
216806137
283131590
276242114
298240546
123793993
96860103
302067697
274732603
198216960
253421750
14415386
18162208
310586985
1598411
202722310
17724122
253535508
177061196
133214172
197712606
138609774
50338748
183962917
151284681
68872084
8234835
247399083
3910633
176727498
208337198
95745609
243259593
356168
243230256
291483827
148178041
244489681
10536150
182591931
180808662
139531345
176540138
51903352
177169006
265626709
184440300
74942677
150911675
134197133
125549652
270507653
75654534
40598259
218130810
273871092
281979640
24596982
187817880
232759869
230712750
193976288
239014814
220033546
5738554
132292268
133244081
305774333
255838331
2116006
167414856
294932670
18122173
64831247
220872209
8727617
124940813
23277940
156363230
153172985
210520506
176263276
233731431
137690632
14596235
177658706
53274679
197691420
6074572
3650778
62908627
196862669
230984418
143790246
209978980
192508813
237319566
212630686
134039893
106251386
106175822
72414441
182655270
229093653
141044559
4606984
50685456
110344137
209939521
207158260
299250558
157641622
104325081
134503463
81181595
85007967
15636135
36955259
49311199
181855466
160317644
198293794
232989847
136381367
218898065
136432321
197992533
16032285
261982198
65808845
214808455
42024075
225150569
20171690
172809258
106349557
120877852
174299724
194961755
181864430
109491754
113372459
250962001
79816905
108568574
268132971
135551810
135487141
269851547
301182884
256967244
258827224
162142097
159438513
78446166
165861738
235163028
146015393
277651363
272982765
239601858
162833693
262162889
214690246
280164604
230079942
190259386
178253009
259333438
230424508
75799555
164010212
177687728
153626580
221955323
61256640
158693611
133471650
146241389
92702266
230950666
106693032
30060481
238138452
262582669
35768442
59014930
24184160
190343052
237550548
189231428
135757389
155305566
288513147
299979212
105245516
95613343
147188750
52360580
100465424
67448327
225991393
235968807
250356971
175886152
70642893
166039624
94795227
286251054
67263264
205671716
88213781
172354236
72251997
56032492
52882387
218213922
27923201
231904468
212541150
3111987
171553249
119752075
280301835
197946429
200533817
168260730
152189416
164660786
181704989
115131969
100507988
211666710
15670438
160332785
218444251
7562236
183667937
234783767
253684033
203281091
199916237
193469314
246975700
204562714
123560849
274180682
23207311
168968641
167696211
245146312
24192714
201506728
98385510
280677049
170673652
114482082
192827514
50978070
159555619
186014121
257669808
17566055
37036433
206603171
131756666
239285880
7887008
106826187
9153911
74371811
87984567
197519194
159240336
1569652
2651377
5420245
31834300
16746843
218976161
8260922
295043585
238352567
68353782
42843759
197717719
61572809
98393855
177450765
194904943
151834639
7284528
74262332
16068659
78180085
243617926
20094245
202478666
134474967
153106466
80055293
87676177
51507922
170060570
24676217
37248625
151800516
81584485
35028872
15813612
183489520
55124955
39534350
185495799
168743012
72982620
59041242
22704996
148874857
65306340
69535096
143926235
276468819
233470484
201945265
211915136
193910185
207829847
124932583
252119058
282728533
49411678
190268816
71069848
194675843
71876228
49223306
75898613
92566920
182434265
64933681
93585475
267436048
43400746
293908200
227880725
269484882
18542116
155921181
293388973
294787575
88661468
262957011
308432234
262176594
155380266
266551805
267982447
221174486
143153749
255950643
264590871
246164787
274539582
50117520
247405147
166488090
222102917
263552616
94115857
190221263
281732295
289530561
303676896
226642297
22465870
228885324
295942762
279035913
150318386
146055685
234407636
245197489
247287430
302568790
236317390
202688077
304122073
296110961
60465186
207952191
224405721
224933345
270892199
190843833
265589583
243758891
231140703
280035281
269502158
294995002
120658144
43685351
282597448
167568841
184292190
122053590
237300893
276353243
217765532
270032271
160083797
270773254
269552662
174828118
293532249
228417514
228207636
197244413
231316682
173105960
294123834
310438582
139512803
301134068
298287012
164178335
287057643
142590816
308329616
306110198
308970634
289011358
305422134
172573193
178639746
282219891
306283461
242578130
266150979
296110938
307529920
291006275
291743060
295641897
284963899
290793722
155200812
285740440
309069827
294119553
295662324
184387437
207541228
170415687
229849208
243385028
186689531
235374926
240460934
306154088
196828878
258288424
172865763
106013561
58535520
22566090
240437003
278740792
6913100
20914796
270794689
194131946
11619728
213003572
181925621
40557036
172811594
25810859
301826383
240345268
180663080
223042195
223733295
190484291
185262205
284764125
198803012
132791190
178934329
263196362
124801790
182100281
205459840
79962414
15965266
156893300
18086772
258575454
140466825
264712252
256756243
199710494
50411877
134353675
60654068
17962123
103469803
57490128
183074046
266455712
79668214
171980118
223802511
188722612
72373299
224921379
4104975
86379713
35498705
9631092
17294032
153660182
246663231
251085946
102576681
295607283
1389694
92178751
84981503
244988930
251137563
254810874
227106920
174023393
165772478
55059557
104669503
251485833
68433645
208201472
219338481
50368779
302331212
160829487
240356125
225556641
303523407
71895653
64656236
256302010
278589801
139859209
185315523
264570983
1313889
52745729
254664807
288659618
248968981
269620033
169639027
17901244
293823980
154093349
303388884
43924395
247889122
138654876
81642917
304876338
50075138
152794684
250305698
7631786
122390071
207904317
144950163
79105629
41707769
84627290
175405451
219653986
279785257
258586431
145374458
246645804
78395681
246261345
206361801
11438819
212761248
99267182
136065462
9409221
20859835
111844410
18024880
35502038
134587228
242023428
20051975
233498814
153325175
174707685
303332218
288830993
198469362
218178132
282310018
20824455
59489995
137737217
243444766
112667385
233921316
2576613
168641052
11286324
160196505
65014636
274637453
99835876
246838485
162025341
133496389
237820288
186932946
176832722
210643902
205553119
298518388
253977933
82628447
136159974
109109048
5875069
180386604
12301220
182065993
116972667
138420970
311585081
296637888
227756830
296110521
161395556
281887633
302478842
91795227
135617895
292043983
211970827
194326656
301995745
304726434
135532452
204556703
224683757
281543676
311024259
305652138
286245516
303614415
210129028
217532368
298752848
202150852
302905457
201550848
301358670
259304186
304396014
104036816
303860657
298804417
228041370
261278267
263932925
271188934
165889848
214584727
151933466
232021278
301733657
69519540
187324435
272080485
299420571
311386616
243994576
224293702
311465904
163149752
242736360
158129467
243343043
153864884
97659308
307541764
181900742
158407587
164063213
221339209
206307885
216596210
162109494
210250421
245438556
144977187
88624172
186380001
119221699
311244122
30532490
226168871
147025246
284452832
309941070
205968758
248286018
295865688
281379982
276050345
216745967
212175943
167355636
121136466
147328976
176964413
152433052
266473981
102940417
307906197
134004717
224594253
121111981
113134088
49767380
179258612
161402684
264519550
282071422
195118297
199757470
219298802
296612641
149556240
198838634
159183371
283346420
43913383
208156370
227729758
197867081
229272242
168722400
182963238
183810189
258530570
143607646
144845518
21336744
145660710
223424670
188100658
241711237
112632965
127485408
187661921
192380940
37515142
224963953
250126764
146534446
171598518
31879342
192473979
188490828
192284028
152891443
211335243
203683567
137053470
198827582
245020705
231918327
282141251
230852484
288327500
192949653
309157427
279552914
283645521
198479474
142995149
224015824
144458411
195824509
302100806
245455068
144280328
247892256
134279291
162083168
38741320
229234414
121405864
192573007
121096414
276030835
225237844
241945329
123280875
202969127
300337623
289664652
188452192
205692172
269798298
266623265
244193533
297953577
306026316
134641702
190198487
294359493
183842626
256469611
224715294
213119082
232802902
185193075
297282754
277196884
100422368
269554700
186224572
151963519
30509185
255295234
169630563
108792847
197366742
204341212
56345683
131410228
165160001
265861554
205622918
153685495
253233195
10246019
189762775
67219715
78710620
248427293
151421955
284878628
266617731
290639491
51402654
252059695
13326159
52577563
283008204
184499160
288369557
86717734
162157152
106131677
61257869
291507170
184130134
39894998
6036078
207833941
99183984
282427377
152869381
167446964
147880665
207140748
58816293
6705414
300964937
10813062
152984958
92594855
197586457
291021014
48306083
220769301
229705776
22366699
287728986
122721883
155568067
152715223
77841695
163678016
261645436
145793490
225342029
305992581
158484025
236485229
280234296
258443595
14366984
303825850
201003641
29487794
282557042
219942023
43766108
289626629
95173527
233567267
304537881
152973257
233218538
134008143
297231806
125634056
14526613
163986746
173690157
173664879
201602813
42836066
119980575
66216291
209567763
270625071
127819463
145708571
187986132
21126958
62406389
203668744
1844794
12790712
137764318
276668935
31243475
60930350
187702133
263202504
4701977
188318443
5510936
188845187
62706567
2244271
123626634
111885661
157069795
34858426
259136886
3933995
59975733
131696187
194475694
3744738
222544911
199184177
111063972
152654435
299611295
5263772
178473113
189986333
137156524
199657534
70129555
2186282
34544478
127798332
309019509
271477765
3268226
173762893
216721129
181664335
90680280
4786263
171122137
222772302
412133
186259228
282035782
6676306
173214667
174342768
94298568
235819504
65275751
193104574
101293171
216266928
264391626
68375418
12300214
124467466
210198798
90208848
87815144
20148808
210967886
19346423
67783342
24253146
236495328
42366359
71603600
82173277
288196895
258645027
217694860
135033646
90657593
299164392
22652120
283629131
28922614
203220524
207184897
38740240
283314711
194273682
234117131
87115901
261450368
203081014
62123843
2630556
155486475
10422973
156814278
146439765
226902163
208519861
137563309
10786744
303717569
133730136
7742188
68114541
740253
299154505
171713882
90579463
307889610
50901943
137827414
135725844
2753373
150482662
138551729
90804439
121305357
58784987
66627580
165336866
217041561
7234043
104927011
204263971
197131680
296833586
33699533
109219304
1264460
264045940
298737823
22459431
257083753
269067590
73957415
130203586
6244970
155872572
9542680
159704919
6525853
121312229
224064476
24801472
182285657
53442292
136612519
62576400
37047247
145695919
30640127
106694167
23412331
165951324
286802346
81297828
194970194
67480495
27030214
251895380
134872542
142551372
10293854
91612908
4415579
72326728
61718645
29817877
194753674
23086025
23027012
13777630
197975185
194583554
122865156
69607436
89302236
61520368
158041239
155048756
146219017
75351682
35531468
29904087
151062046
21659186
221910466
137883470
96981817
167578254
162726788
200309797
33612361
9451400
7465858
234912730
11915748
6262481
54197710
189347025
51081210
106861541
26924540
117130472
140552284
139429024
86021949
300741704
277623857
250873869
4733734
139902501
39324618
5339857
196475106
182014001
23366931
36150514
15111876
19611473
54816749
1953013
101265442
35996961
53385286
121864579
4099652
108050
308764029
232332504
287116257
827552
237761564
228038919
12105621
50459597
151737016
279302679
26965989
7287694
1700008
942043
194979720
5236117
212676714
238313689
2266890
245969244
167509567
288429695
223296072
220481331
28361518
181791351
3894225
196448551
1598540
97569797
8947871
253710576
214993471
44360827
89821844
13549582
83661523
226836018
174179387
254738444
216882842
192093269
8625527
29411885
12065369
311735138
1546486
217888003
260393877
207637418
281019919
74918451
156074200
11079620
166277722
57306178
209096023
15193940
135008891
50257815
8555536
16499536
229272155
229989242
52448294
303572178
142959936
258786059
172767775
208858793
245035750
213301290
206769998
172311950
140846586
264701753
12794643
242425526
260394128
99275000
37775494
57770586
290206765
12813371
287448841
270787775
207062673
206134171
59230488
227199714
4288208
266234430
133667887
210032482
137687034
221987207
231970605
7431009
29004527
9536844
1953362
143176891
169242113
187971057
32712352
309779836
205251071
148326857
185902533
180824615
104800954
258635172
224237916
6010999
101725131
7500404
293366554
21788171
255951215
55690051
71754520
286421849
64095501
109577029
226732602
243238955
117775485
289439550
3739439
134196981
258996095
222561798
152059648
258670989
13842693
33784218
98159079
92472561
106031669
121993860
233406894
281209027
270079455
2822986
11466765
54111604
11304986
310521960
303657049
14613382
90027009
845215
111865866
151411434
229705651
130507831
252486372
122213586
167374626
285710949
289741659
200313425
193657970
279282137
149445106
217058867
199977476
235765784
140572837
191004594
113230523
34603210
204996691
211989805
225848713
49848172
139333255
159710016
283047947
190093969
146973756
219873141
182805042
39902715
248846886
205221133
132882471
167741017
142504040
209641172
223181352
2421752
261252408
38769181
170145282
183744340
279641856
161752174
151064758
146482215
113531766
189221513
300748778
243414939
221615276
300388972
184059065
98045569
210846575
307896639
191213253
230383826
207155075
295557945
138832240
236532905
223710625
199731972
223009558
160287609
206929151
206829882
310749544
247238348
294115839
271536859
291919781
227630090
7528785
222868404
221750404
21123837
98214781
1134576
92868799
294239057
194582545
292041853
245044859
297496734
227755103
231482926
311453903
84573098
200739547
259204133
241956783
195173409
292710643
10504790
80984525
221964135
248859241
234249271
308690592
293912829
81831862
185386986
294072865
258127808
310519468
195485481
310408822
296042172
225804040
191447297
299370836
307432408
241181691
154369825
205179739
8437532
190154640
240969266
256114868
258512438
179819832
259915571
301544154
211029458
186723358
230708791
212893078
186177621
52095196
267416743
154026812
250713442
184446803
207071474
305554574
227520210
154453678
267634531
307986388
225271841
246961358
217639240
265607099
267873548
190576825
230823677
155357996
42070768
158793286
190520631
283947083
238960585
303042850
280615896
244758030
229199527
310865658
169309297
156490816
262932684
43634990
172166033
239474643
296216702
249454262
196114587
237864419
181652564
178214450
204259648
133573705
230077891
214298155
283379496
194917324
233582749
212271791
180906870
244717634
304978381
294929547
146544404
253882109
184349822
188573761
183243459
199626764
165384939
257600407
272852510
157492241
261536326
301572011
165021136
253218396
298099221
266377946
306070360
198201735
151641406
239988115
303347043
261181677
167496349
260805368
203327266
141870717
282344774
310560577
137474209
157688023
259571099
309027643
173769742
233926670
311325019
253967190
290823640
305131636
167959466
310873293
194428154
283910336
162747496
159496520
257521810
161600134
160378031
269812301
159796853
271670950
167797833
168072075
159388040
271006211
286273097
166136902
270559044
271887071
203560607
308565773
285742389
280515317
285530840
149201787
265469855
277125149
309897815
287283098
186438446
243725805
311175941
278173707
156513296
299837062
297088944
204864475
277183708
290791798
137910430
302534058
290846967
294191954
293191375
175708881
275803399
273810008
286797834
140062388
143587478
213769531
308208571
284361789
305297956
290236194
155661217
294666916
273644520
283624801
189257483
268073944
309565180
267684367
266237040
303463923
311764325
302671768
271021277
310780409
310666608
288622620
291885201
296122445
311040207
277312734
269484228
303950859
225930385
308780811
305734540
295131220
278675391
308067776
273086948
87258967
144131901
302393814
309459986
273659449
267493508
297203412
308093401
170377679
268426048
297763737
289838198
294185080
307045856
309729504
281598002
295108582
276965365
301262768
58842723
305375542
30
267735482
263831405
3092740
167826998
157608343
39525301
290788074
195656233
142149705
233733603
299171934
169861160
152681649
145301264
158436236
159070510
103111021
100962369
135903613
97082783
17945749
9607762
197031333
182655166
202736074
298257509
165426591
225552550
55142139
110335203
104050209
100644940
242570120
105312892
202752453
27477718
57483144
142718561
146296499
60212772
235836788
19931810
4386209
121078601
254946232
15204112
150723627
66656250
282953776
304521648
288854941
270802291
11907526
261327837
291299150
192065462
268441939
291903680
86300634
124878644
295417285
173671041
77166111
142976957
282052480
175179648
12912964
238310755
191918988
40134781
129116977
9288979
64262201
293440072
236187721
135769973
216411613
282816643
111673708
210193724
162411372
8356083
25852408
134800876
15984731
137823644
160246739
144110611
138115598
50174756
195319805
154115802
115033974
148258370
104275966
205541292
173478111
121544156
200584979
211341520
210148672
11089906
182735906
78364611
47438605
42180652
165527695
285043336
154587444
132827193
194690200
184096272
135024192
213421224
126163603
98896495
278814079
175605532
133257080
7355864
199890529
138639712
143984047
9876600
311017346
9306464
106343641
11955737
83002556
112702242
133527073
111240287
25016667
6084782
13095623
288880910
239193223
5417668
176280048
67688058
6943458
89608104
68451113
151396245
309902217
56189664
84846521
8937491
101830128
199002554
10164487
111848254
145505564
310642451
183467251
66436085
127000941
74990682
38714380
64789007
28670080
92890128
18249132
239591893
25712046
42817624
220973668
200362634
240743089
180246737
199261223
188662473
243956720
224003454
221290038
98428392
108386490
178118630
123954347
77238010
76413967
139745998
158251570
90442205
62202336
96304872
75452460
33044477
52167279
296709431
180487802
188377136
220180284
9943839
152355018
144512577
155940159
212325621
161015365
172334104
62794236
186619302
216716075
56197175
37282173
53938810
47819114
59350050
26494445
175436823
152436984
157471195
182585324
145915030
203939087
125897736
82157739
36724296
30115233
157786793
158510058
176374989
97065337
132096901
160326648
234689698
291729564
153977584
85742485
155735628
213835339
169865203
213217152
133641071
208903451
52623858
47550394
8155554
311009534
83628718
32574172
141431831
91552070
89859903
178561362
310725973
142239569
132094131
189047873
68589298
98568263
267712209
1424942
4244731
60130093
217289135
193545991
254649502
215102695
89619465
134286915
271055541
6929629
152144020
157189423
13666934
2980985
274038908
32427278
244111199
26281620
17635499
168250217
134100273
257064706
188949692
308886152
272334791
103814395
135990196
113824529
94248581
243645720
150567084
225568273
301732744
135878229
67427029
47296219
277018977
253515847
142737585
248295407
155593132
44460109
179632605
38126246
182108654
13284867
57878201
39349100
191426631
183752361
17179128
289619511
211872739
274980351
133855914
241459276
63528838
100929046
222063423
11644935
28135685
146290091
64497510
263137501
299518939
210904262
119898397
126385405
200913427
109823592
203751221
110540589
224030305
168218109
138621730
266598133
20643399
109612904
177496248
174263613
156522893
280372498
161027667
96752506
131535203
253987400
266807077
114632239
291573400
22237393
271256516
72915066
189568298
75441267
240140201
123469858
244945674
119718031
63427924
137571147
38222617
677483
56010127
36041563
53245779
165170154
159264254
236869392
159099272
33293929
163307446
303866294
162297277
188225238
261921943
306888401
119668801
5587038
8656731
29358599
118737553
180771284
220035052
193488973
156363746
154701898
54656079
175567035
128330264
132704132
96741817
35849362
195631953
208508417
18323089
136140180
266785747
69414783
231116762
152751333
99303949
115982250
226429499
264937004
238536041
197416849
311922666
277071513
295658455
247769352
178986009
247738301
216561320
249367929
260629357
169537860
67322214
244580224
132373088
287105687
155047943
84005188
140545196
307452213
187499093
147635094
228921836
201926478
227257147
229167832
270695741
205970459
304523254
160403691
192875447
240875874
57174531
247323997
245154674
54315052
41694969
154892009
144583265
162394074
270954165
172623114
65971239
204527781
269532122
308827421
230131626
4076706
265876418
103535529
180900172
227881112
301825693
256691014
274920261
144440924
238038374
157637931
173120345
133750519
141078458
291375533
264950327
190399524
240093786
288844399
87447385
152573532
232949439
248976523
228936939
94322142
274975806
170942606
225690103
103668828
183726858
245529985
251552661
187670244
263651841
156760347
120267333
152797866
132218771
286877889
263676054
216973198
246979044
160257328
175951186
135098320
139758091
232587602
120642216
156450292
140239487
155417045
274869589
174312396
133193489
147043325
236272351
142382570
208802261
199137881
153814084
200850452
284692721
57512928
282485028
187916887
183565072
275295149
147599174
221004497
159743248
267046902
150290390
186866738
202491642
156416722
255518333
204283372
243122070
125406043
64336856
305480523
139178211
195368585
269477591
120921382
261706355
276687656
233136321
274158496
155125117
144481748
176518639
10576439
254123082
134888012
276848198
293048800
292064549
253650778
160471438
221914951
242035403
292371164
235340363
283919180
249562447
188874862
208121423
257197830
282979227
92191597
190863297
157406732
269749696
207840845
217977830
216863094
292608660
165661492
194555654
230282139
291378790
272513183
311532803
192972860
222853710
292890718
268233202
277306687
301646674
309786436
226874285
222705520
222143427
152570615
239408797
227070331
50572716
300048026
302432948
272467480
276322914
297754101
278969528
299951489
133929146
197926541
284253938
300151129
307581211
297225538
270797742
264868137
229586987
266644444
277687741
292172644
284442617
245998797
281340350
311700685
154920512
152097108
294334656
278034595
251584466
192284595
280635973
286203173
298725900
278905296
283564678
4083050
235666051
181471605
245643423
265692424
94526489
269394267
192007860
306738244
304930956
120375972
309727324
194909927
188005546
2593232
202005824
277003962
292282843
132856289
184440957
63180162
288995337
191157434
290788260
196928141
190569846
194973833
176082900
247406770
36792008
232976524
283897635
279201354
249231550
304140495
255275596
240219178
255851728
238443317
298133590
310716620
272942610
287430558
266775399
289900252
307191444
270026732
263636657
312081551
229659938
249655148
293230082
306952974
309990667
215157067
294369352
235302648
280216694
276568363
304381531
195974801
271568778
281479570
307673639
305135147
285907127
279373507
280277223
280945636
305846671
311579102
243960584
301235180
260436890
311770879
308593432
287663941
311210711
302017247
254974159
309578361
126408774
259900711
231437558
246522561
308491353
268078740
232414061
295449136
258074613
163209691
233211271
178954883
308909412
238458492
241540321
281882748
283204645
295148180
264250532
178964269
303218119
274405903
282347349
271420311
166748913
306129686
260461552
270958650
160922315
216540325
269105017
171355220
230579012
263623007
204494462
289804911
159527003
275558802
286831280
278081998
179085404
300701578
240924104
268422680
262473488
292544876
261101758
280171568
290679211
303914678
263539832
290357128
291871709
297073460
295465888
305033810
291885075
283205217
267444677
293212447
268618661
284355998
145319845
164119384
293474145
219410309
254457633
217075468
293202810
293321046
301677703
167099921
168414845
162570570
285218432
279477840
294243820
151517227
198134705
242186487
311668696
300418071
241418404
242842715
261709471
186318738
287524097
295111756
301366711
228186566
178466820
306493678
279628349
264562249
218606438
199145951
63128547
62914296
199360415
250759026
193311684
284401596
268160356
264361772
223231317
174605032
294585249
300465545
293778404
303801211
70592342
299450812
262951216
224902582
294289117
157260093
180764178
275161461
224983733
193990322
245834581
127333968
152828251
229546624
209809943
210827540
262434546
31057062
201339223
157004367
180107203
279899694
277050024
12530317
234234895
310411567
275759233
299416920
160730125
181903419
280680508
150488188
239569450
249976519
292547182
185963753
246003482
282925960
161986963
156195152
214559825
294619480
206507050
134167532
163130455
207546673
262738673
239027114
249547057
310458883
285486637
297617253
291378358
306562071
273957109
221859480
161202346
259454230
200243366
264168069
240442594
114341705
153902936
152533393
178630281
272880422
31647975
300848232
292786877
286527270
119328737
110771363
13249655
11480194
304361740
162500829
310092002
20831302
114650603
251465127
122384401
45149281
156810044
183258589
186120561
18008777
231184611
213955419
22691708
196236154
296968398
18911686
139439109
8440710
51449589
56082046
64959071
162149667
7073460
274534615
310154824
238128225
56753932
304363755
56584943
152801811
257899265
222176624
6037230
192626127
282088338
58596289
21055946
38315233
290505575
151890453
11684606
269245559
90446121
5632865
132372595
33603736
5299486
261234321
24261875
258612681
33350959
234309688
7271062
114227995
79420826
158269055
61179550
201468761
76814434
311740828
218614290
262143219
182192920
218573904
302405639
96729361
185828930
16297605
12222458
214222487
215366953
302592290
59014806
132654668
194326627
184979502
199712306
126945869
294761133
233928669
225700565
115893827
157122921
96888206
7818116
126803923
235077780
34071951
193757332
190329588
70481935
23938405
292718471
18476830
125455526
139484770
189927648
16427967
72994806
231105329
127482014
300856400
107238034
167559168
188471717
181837417
88779577
141251015
141760868
11039662
167297207
299685125
180671346
170204848
80169582
109773439
98411590
280710857
133458562
107640145
242085929
131564191
84970327
53557845
73206777
196677204
237941174
294181590
312003482
294623356
69765154
213379929
146882497
85876983
132409807
103926088
162570678
182328945
225596390
135305803
168926791
64186760
244840406
295922136
103868581
178405419
26032386
86250372
302840542
276472918
154773627
80650534
148390669
280950050
7289829
101814455
205179465
92586559
77050172
150780901
38726061
59686688
171849943
151960824
181900176
85922244
164383831
150543456
261388253
131933093
311835593
216474532
139598971
151268642
176232306
224757430
159015671
210627335
252038304
620606
144971612
298230133
155037333
184808648
287937149
154934240
217885774
229802623
264266560
261702432
193914939
153758519
190265360
237347517
151718780
289357070
197095867
305183997
160516787
295558699
227729931
235492649
156295793
224901868
270064753
169984281
158555727
140094948
93504367
139500563
138607845
304415093
160318816
252132392
232799693
148378953
3564566
160399596
269275779
268056855
151459015
124544817
88305143
276248993
186110349
295822241
222470348
309583067
151704124
247707821
145638941
291641742
120923775
299746375
176698625
273486361
172033998
90838984
177547874
214507202
281546935
227265372
5244276
301633347
172631950
296070806
182542906
190182834
177210338
284140108
290851037
180386304
207383606
285253011
290308729
199188181
221185779
299242957
191447298
266153289
225444627
199003111
216814572
309351195
198187156
298248666
199020221
274243920
306298968
17491862
228524239
218681168
237146789
176335543
205102475
279064054
249325739
224747378
265075767
90774057
299026572
229261052
169243685
218599648
187206046
245014364
159011285
100499420
225910125
223751437
253557534
258881867
276460231
193349414
187847394
257866855
235939522
249958373
304105089
282219336
99224604
235480826
94268211
101636888
125567210
206188001
66928676
82691438
188325955
228781777
234213547
223662544
229306284
280002831
247623463
226924072
283912569
171753644
160151009
185128577
148218522
181335523
21429781
229202311
225820701
119945820
65096370
221039767
181983966
14521942
70207606
298131000
98024696
24578800
102127249
39554136
138726164
19098021
281568835
222514964
10332468
267456178
146141864
37691891
36357967
78304667
12817370
266298467
89521200
22728641
128038885
26888100
9603136
16759554
8806418
135923982
7357212
300677973
3883847
51217803
49125461
119270905
268151996
157669826
185618028
253849910
48206093
91181571
181646894
5954365
220922420
64880164
153142196
260592789
8648622
229768563
114741391
266859679
252544909
191138388
275770580
124007737
124092387
192359262
90716791
91436656
94344793
275104364
121117358
189700525
75689432
5742170
107162465
143835883
294856888
2199021
256084501
293672779
151757459
19311339
48447516
292977967
137945940
147780980
51494824
289893091
290327246
289844554
272941331
289701541
252298193
250384037
251025519
252827298
270122250
252176782
239214766
295306875
308557403
301202226
277535757
209225454
165026190
295099042
292411882
300819164
215552441
268855905
303458894
237067231
292363505
291659677
309266199
311592929
302069139
307898257
284617007
310179629
187440214
185628571
270428318
258785115
179271032
216782649
286849015
205713254
177070718
195346556
276325562
308448892
308362867
166582593
293882058
249570640
237724428
173521195
145745371
142587397
302852508
162878739
165336175
170623805
170639176
172362648
274541367
293495777
289113437
212547299
267492186
296179873
233769835
301269061
303127967
223000024
272508719
288568492
160604499
173312217
257513283
282053364
153061333
161774343
233251114
163440411
161553980
8517214
222158265
90601433
24751103
73712182
131642622
310998953
12659686
97956968
30159823
2476686
104344449
300370095
276241653
1207595
30268936
139165839
214371200
269173541
17604413
140526425
175037771
136988491
144625075
275834137
227014521
19925340
61390968
311172761
8682707
123642628
32015806
90307305
175188309
179235905
13342268
286120322
37582565
186676792
132016179
133897519
103371626
285824474
11852095
131857808
145872091
159882414
191362777
161397736
150605957
154180969
58498564
19525493
239014232
152783734
252815135
211480082
150208063
65051579
177011707
179175222
68969013
169644326
173659813
208728129
170333393
19094089
2897299
231793367
166342273
74633869
5790714
117680690
134978989
191058328
77692109
13230253
109976616
206795514
310364643
252016816
2373480
59896780
4279762
243739158
111156902
71868673
147495039
110895514
292446199
113018795
160524042
3633067
131890183
15967191
6726153
31475918
59379366
292891135
19038242
310749445
62204595
19538317
25633158
159830046
136268558
162278227
214778016
27202775
159123552
155541833
153430455
149206943
311096363
235412799
280248381
281241835
307826090
278630058
312000039
237044082
307739841
309714101
271965581
234069357
88457485
246357774
225379759
243299450
103705543
185763528
94717476
59014655
173348262
184710446
160527935
296049460
22594067
264733448
275028568
193244121
96392169
312263136
250988130
54943593
285640418
167063838
307248240
65127077
305185596
79906629
217948576
228534898
206626698
148114187
271884247
303292929
106361794
287271863
206954750
73854746
217184895
217474891
151118307
132004986
288305729
167621916
170646532
63749143
136808243
134358098
193892820
26014242
183269101
159015694
135825547
181566051
11641610
144900665
275160225
274976219
17107614
152285160
99132365
293233993
170597053
278558959
68742839
134095811
202468982
290834062
82424093
54342571
298829798
268762623
310895454
105795193
137142031
3390129
188200944
311442030
122832646
228113915
146007189
5022155
146377459
242991905
279395509
136743501
220343978
127540779
68123730
145915367
184911611
226481333
78475356
136545780
167716314
219893789
231273096
37037363
221195750
306822884
144055852
111031533
310368426
89257015
137966867
183729710
213263208
121923417
66620485
222690822
150931665
290624380
51773760
177401068
183147750
174142374
298938617
242038280
288265653
283408348
268133426
308543110
220038632
298369742
219583244
141348873
199856647
96743409
302314455
239187482
299764888
263841178
304294058
311165917
268954187
203471800
291238436
264528004
292726961
275999808
288787847
155499345
221769780
304499628
293017393
290440363
258111984
109463704
188340239
235364858
166421506
308311655
60318699
213862769
267880460
256260741
219417030
211101795
237689373
223257932
194191514
50268023
182418793
274132657
262092475
257325232
263809790
256450353
229505798
218658969
264930274
279650915
266449861
250017604
93589488
225537828
261100277
240203981
226461492
271794502
289989177
278086810
89382983
269246024
221162189
198311365
265312235
223940379
165931469
273507430
207227935
193915262
263351659
302690560
266531331
225139433
260160350
274025083
299793197
256667803
170129217
215488934
297687090
93191425
173081666
51480609
57093306
188735409
100484325
286804367
143628209
303094999
273645234
286233748
157211446
113462012
107768054
224509498
291285966
30116024
96958827
199726231
310001156
136405658
134357127
214990577
187809888
191444712
284823385
177590550
261014286
145735650
155905148
245953526
53232288
265397933
91158615
9729128
300137930
195057120
118383587
208548664
232129309
175226775
190612656
167800623
212791667
241925657
93705639
145531096
34512200
240455044
232397765
203316403
221924641
116520480
127128057
120140551
134608451
225898379
157249172
194272038
99441445
302161398
203527557
162560718
173181118
93711105
255920165
140064225
153186047
221263151
211989398
85307289
196487293
187882041
160941245
74938992
212761264
243667214
213709588
163460402
179498673
242960438
158339958
78011441
143785489
26977598
136270503
289226619
200799462
136815935
172245821
79284058
78134414
285622689
156533572
56618981
95134834
107421482
84957196
95806154
194328052
110801632
213699706
105431374
194605706
101899450
274811142
244598837
221774838
291549234
108885288
243721338
146727138
192779976
258053774
295468147
261363889
73562830
65611841
11794407
263939850
282625654
204022557
274308279
184899632
309071297
218455907
232181867
140128547
146337470
151110240
303635112
83384889
135980494
172685431
234136965
209503567
140227053
132888323
113712522
228765351
3311245
268718683
107941419
124140204
234784791
147356817
215745528
212886314
134761644
206397526
199652363
90825479
13219606
54937411
152332022
86764928
298384535
299157775
139437578
141851478
147830665
206114744
210861950
54691610
103393252
287468674
250123663
169852027
309701391
144297037
7865625
71293045
258722771
256330739
229718093
48141946
17033597
152123813
17518279
285509317
188460204
25836982
26490609
8447763
175410423
206126237
242129005
103953571
9191634
220211504
134084975
275501201
213164532
218478873
134598883
135326142
35617124
76949033
27542135
19453089
152823556
96160210
215684678
11417816
240858079
291701224
4470661
9776068
229205609
282976681
28048856
26122786
6264027
30490144
64260511
76262936
154385418
146371546
179353801
65571615
134359519
300432380
69661648
160093273
235002232
153427219
261963937
81280468
173192501
21656353
174975727
61897242
8898488
189748901
32691074
309338215
135913068
210394336
207269780
62412762
157828434
183703087
312602929
192451829
230426844
308432298
306597410
19268097
184625114
48539988
260401880
225786619
87810437
308545349
194670283
132177162
194594476
137638752
8011392
158759044
156739467
30014275
145975792
208449356
134452494
183511691
59178741
304043800
18565161
98280417
251245513
132427014
78663332
216286171
210020606
126600488
312139938
111664641
196617352
173317825
65854609
41693409
249324705
135979735
9197421
138974874
78460278
75491107
17801563
246517511
290832209
193694911
226577871
187613673
147192390
192475938
163785634
293170609
5619875
201113120
193096911
251960152
12754315
10872011
133720233
155455459
28936199
241892462
207029345
5888932
287719044
6639676
306864774
306338770
271932859
12133846
308586453
210970008
132130134
73153016
109209554
19318244
154581255
155738052
155518342
15162510
136909874
87593228
295631774
309731880
17726501
284024594
9022687
303485229
156458774
21799580
43227874
82684808
177751180
284378188
234534193
133118388
43143375
57358957
284870719
69113865
289507039
164334830
23543921
277025437
119615865
307998506
222110190
64627091
14206639
299941592
212303423
212800464
195521274
307787119
37234686
10945743
211002804
217253603
136859472
311498463
41434420
271902123
279758569
152303562
256229538
117670059
151235885
257822522
67410609
219120108
180134161
292512095
260744152
304798925
270371860
283568116
293204508
195412528
284682177
157423506
176342389
312207261
205394944
302167146
16435567
104673733
166301535
173947493
308489640
86551887
108825400
264779601
83863415
10016904
241035592
205395871
71339699
67254688
227403474
239365972
109461890
86074524
153850226
127001479
134283505
141923679
134369269
57540611
17886625
145628973
286913691
162245639
189216414
152974539
231449023
282255192
114170938
1231753
289492602
10700290
207297108
285215357
9570368
161454489
125652900
280354810
270545057
147046608
28883818
5379133
3114218
39448091
207661568
5400882
142878477
266717964
86499472
309784390
55815670
83425669
97340337
166263524
8263900
180466832
234939562
144701850
19765889
78923878
9580951
296561748
68577136
42101497
219108682
7777552
8367256
190001002
7489266
145415871
5818875
47406864
269016852
172660547
41650944
194246654
296841893
286746565
244235084
299334026
271708039
273327937
254069528
309092592
287870434
23258120
7438681
282669932
142788887
213511094
271088888
2994441
228038863
41189268
98899212
170449510
204678220
62819219
210631520
61132594
1800221
42966194
25475854
37353157
273951014
250042625
270753896
179087549
9135578
212040736
269701681
59625887
175213896
21580836
70484913
112630132
96178362
249737507
144584954
178216095
96566580
10181059
4183679
217482558
42618385
30838843
34469
222255411
18376197
7355047
145693480
209485041
4729463
272784008
3741484
116514694
178070929
50693272
4748415
70454308
6941716
307326655
221050845
2547887
27814947
253744957
179521128
227269048
248945015
308499496
283085681
255481795
258371805
127342038
210849762
309550145
282370874
163715130
11991762
192801402
26326211
26342776
223574651
238203717
285384477
273858828
258087347
202566647
188270897
212857084
173046580
307640661
227657000
98907034
266805118
295401717
272794453
232393274
138625442
243943773
293936386
173289006
267060157
271485275
208368260
280036341
264682379
158117615
204737592
210399384
216825515
137632560
274909004
221960112
297819919
144421441
188185180
303970422
279932244
189746379
155627058
221328494
73751587
278944555
281927135
176667327
182934943
190219196
240754441
206863906
267622688
254003004
140390557
226036615
237873182
257840055
273705494
311832980
233573810
284718171
165462279
134387642
267562382
78525748
280793950
254943438
185547114
141936030
180594286
237518976
270703254
309087655
185474726
224699086
203423621
179457519
174430664
227881123
225928105
187077041
310238196
294314515
240899151
306618023
300266258
185094195
282427324
102375364
278820642
162165495
228629899
283263083
181963670
235057099
309463568
279269809
194023937
105608066
275600452
180409149
199636469
285633444
214513432
178402225
233927165
246968376
41945184
261800427
249254759
58174416
281415684
7201435
177486932
196937353
56507632
95557785
52270695
26679051
211150924
307410992
29785284
159655550
208305843
215507758
222791182
276768418
296498012
170150028
182375081
139056701
139174561
294644112
297594389
12828697
4557536
291224637
134272527
73062345
4285023
189836846
73865661
250359058
123912595
176788954
277039979
206138376
176873456
7425768
241025963
249719360
30629191
85483304
91723713
5314214
1733666
170123016
294059950
261357737
141393701
279590501
19025528
162686564
139854799
160379235
34245461
163702650
141539106
3514034
94854657
143466101
62935646
280203718
163822997
93937494
272248959
266897178
263744688
182234465
195758538
100941795
7658548
133932233
170680689
65832766
200831137
94199327
38594901
76089549
4750043
261711194
134577301
13583384
289252672
130747422
187551320
108385388
143397104
224624373
274659981
144970699
157253226
59776168
255935998
239103336
67125133
254265256
31480741
196005937
35629188
263457517
80103634
274697188
259108164
182233919
213480570
271196961
146978634
276785452
191385475
96720852
164378197
242786698
158946237
81973841
280803873
129084381
278316601
182805326
38394815
51807242
72193446
16892700
11227170
113775869
36533772
138451265
23786003
176408023
75033743
276280803
175860431
229137276
289271178
16218589
29041755
231126069
146464807
111225336
26767615
113211248
56860406
215149750
228873031
230584421
293600052
146483977
235839862
156395561
26854877
251904815
186228532
258728796
245010581
231614721
233347842
58376501
86384683
24857917
135309627
277831713
263811791
28072157
191912403
137999264
130794177
76064769
172826627
159904323
302283359
309754344
40427073
52504030
29177365
198474040
234582687
213875486
142223676
222905395
29888135
55751432
250288486
146712330
261890632
122412188
18155113
260407664
151653898
263493261
2643975
275140105
276321891
298528046
23437966
18080782
96500585
134808968
99148525
190209110
139262464
312359265
119217149
93861764
237228902
23491206
26859068
198576762
308079788
162347933
222569034
132681214
258667069
6630356
282574065
192470612
277404485
145097017
97554401
83782271
92577559
293860795
31917480
103648696
146855669
271959018
267961486
50894119
13508239
184202735
29521866
223858362
80939980
23363979
91386440
247743849
27719231
120963565
8376005
224731064
307220496
145758218
15584654
142627225
179726997
96277402
238108132
253270488
288239462
304181476
216593814
253144082
265076019
312609044
206107243
246974583
300086179
258692436
306126576
285666623
261148561
302917420
266535777
263070153
258577223
230483620
250360582
260459108
283031864
309289181
295239912
312638378
301649088
312755281
281921547
300249360
178005873
169640389
176402701
308885350
276300213
261111562
308855644
165925295
297484166
282243453
301097579
260201137
307213625
250594619
190255751
289350840
310123768
295722718
154753650
221111629
269260768
282843453
311546369
155220273
207266772
292415223
269965489
300340790
170511636
298097650
151926531
156350803
177926680
260131571
297573480
153810796
200978777
260526707
278270593
308626138
234016920
276763950
266677298
287207318
209039226
281232620
233151525
281653419
254291553
306629098
279782082
300227518
283940174
260651798
308574991
305838574
280573341
290513397
246271385
241670960
278288391
291319321
270406927
254238217
188763971
284356786
276588577
310227135
179898327
243734868
270168478
265730389
231688341
253174220
281810146
127489308
281242134
310797753
248544051
108764153
199350613
9694549
281283162
234859155
272786702
264826244
259669883
165095506
301029741
301142285
287814939
179189317
224008616
238486208
244155171
260510768
185132948
58662051
281081131
213244687
227741312
286202994
165364284
202841364
109193581
210879587
297640830
257760987
230824804
244880610
182527971
249192131
196520620
275298666
243110578
234875718
192569326
271043971
169302598
267211594
201055266
200793223
276638216
222748702
205327035
241606354
287391186
293333639
274711026
247519681
180985667
229984788
251026358
141495922
304975176
267653794
142186526
308543098
304846992
91886927
238046620
243337967
229351718
266293071
242211650
297970782
257066881
306124658
244876756
138653466
269874120
183093775
253319728
220770553
188823098
187169792
31449943
271145424
290252553
234776089
286616306
236827366
308842611
100982619
200539569
96125794
241411260
215202494
234619418
222814687
281466271
176452055
259501993
254415179
210552704
199242605
168684204
206916661
288683079
66082079
197736254
264358635
193207515
156402383
272567038
227752729
59408579
268919726
161231904
220640269
153393294
92229491
206214974
96840991
104686807
140677807
76476909
228475613
62677231
255677188
218401049
251990328
181664657
116318527
45350534
231091889
126131463
179735957
247475690
67002079
142097990
259295657
135537870
144426918
621703
269404040
268841051
97424239
117077653
181715636
230356328
252102079
291529349
141981271
81154323
61094957
138893345
50102737
293212401
112419100
147237264
160874812
183236212
299827951
145372226
203574054
142407419
224618681
208422180
270346492
162837276
200461945
148044356
216258491
216072921
200091851
210074896
137044107
182028353
144571718
169963583
115780035
91912419
224086647
137894609
236756875
245681718
213174910
146791925
62167758
231416489
226592047
97993464
69653283
152584298
14743407
225933298
196363388
147187350
199129118
163492591
139113386
75185396
14088444
214519678
264331894
109194531
253317577
271270812
238475141
273403191
250730155
285376812
54532423
55710833
163444612
258315157
238358449
148653420
292947168
200853097
53207622
222280091
116838067
165523602
216793091
209897681
178032254
242328124
227134233
26134738
201061257
55721042
218133115
153486113
72299456
9304492
7634966
135617620
86355143
258857307
306732512
175771455
210343267
8243968
236175200
31505830
153751096
290994377
232868870
224807480
150315827
119572073
263415857
58521334
61654167
52643347
18347212
59072077
214614369
146952331
291307381
128143235
169944455
137689375
274764399
95621268
190831951
287765648
8931537
299965266
212946206
264641182
262308356
61086349
180901555
203858006
96280663
22716120
221627385
18555921
280645298
13373183
175844822
141498338
74432994
112647336
44085182
287053697
278225809
63054093
214970863
27936148
50106924
67904885
91023899
147112274
263697333
154418505
279064925
211901572
244507088
6689471
287936370
118823030
220492246
161756173
179123407
246556103
210314117
311508179
203275675
14164432
159810321
141367128
5563117
253092385
103469157
146973417
253659894
65171222
164026781
195150690
1652898
136594890
266435697
308953623
242210597
258763930
221831159
293868586
82117421
223855234
218839848
91285563
3712324
181168397
105030947
227664163
248823105
76426715
143233122
7283641
168506099
116548515
142974407
147719291
148284750
6916899
180952435
2346100
282564038
97243781
154934205
50367869
219634918
151238752
178708527
245985898
283543698
227414588
163236496
198730256
219185135
166586109
55172033
72676651
205360183
203295044
103687995
207556400
203908043
248868124
254790116
199023030
45848778
25373362
160733011
102264986
157297725
269482856
189347340
134948351
174846092
138879627
138007339
670344
50548900
62247737
284103563
30643053
158728075
205020385
272366243
205822228
86839779
312722994
66366412
160934854
207689666
283985351
155484076
98817097
232647849
81086171
146289792
13226278
217138610
232207520
278931472
221436607
181934454
297998393
6483127
135564698
159297874
13741879
251780665
15054858
146995171
28670289
17067480
139310715
145348485
96754123
200301509
282641707
146493595
65977771
234108684
245418796
76767549
235770556
232662286
190225510
28905024
202438315
33604810
89215860
216061410
144318963
144328741
296327338
263681168
269818478
178009333
293778339
298898927
25809881
309906903
164701064
108358438
72696547
168801167
151035948
271940483
156662137
206523578
24680383
226545866
181758691
310639554
201338996
153986815
153541992
141572622
12644313
241340574
276909611
180712239
296882567
180988870
241905878
240168882
40669545
165515081
169660202
233158693
16688546
73192020
202487539
312418577
18550562
244505573
170111442
155508023
229355248
123938639
8957022
302913875
18492271
309756490
194141788
57874570
111613734
240352193
172997819
303231818
199721227
216129934
118564411
24064737
306897839
169899501
235385588
275850251
225069553
283491180
282637869
214759951
222403071
291571536
230489085
260942584
304855196
312015255
299289559
252641240
302790691
241479459
263203527
262897644
312502136
298724961
312241060
312580805
309401055
234548791
248436441
303095264
287020930
309749817
240752942
304967060
312183619
259083676
308385993
226800594
237767096
297210458
301673130
269707462
286972614
273083861
278379628
2782739
70083506
292117229
300345074
310469761
275797435
3759051
118725410
297214753
1733784
50891642
74549041
168129129
17437188
62396012
248258257
13672259
11715585
145169755
291575330
87970313
144598165
10823730
21563787
41583121
3491122
237733935
187290069
248441035
304813856
38877562
53622486
18508480
308627870
16065774
64801802
284817861
1025276
299310398
72928687
294141134
309236898
308490182
299347277
301554328
9584536
64007651
8945902
294595422
142933158
131502123
23817047
275921952
153694538
26734935
11808755
2745189
5160684
59022956
967954
137419852
1820285
257381729
170548538
7571216
218873859
57053849
190966203
23073060
192487216
16934433
715129
15981010
64884573
9892907
201137921
146086253
56384484
209045026
4816380
96414199
195726580
231140425
147017437
246617940
5738653
36376744
254010093
160362413
3399222
179332504
7750825
27038897
211381466
1183004
153546422
206891614
224743116
4356982
290175910
4504339
197741123
7485890
247910185
20756059
46798416
167544143
11625689
254335383
4673420
212697703
4957762
5658670
240538757
4002053
107417109
5665444
186840304
76790933
17524709
212165436
32998885
267857140
206732791
5276818
3533737
192078175
286502829
3084051
108733734
52086678
301924601
214054257
123583187
288233913
228020144
738501
213156613
44310850
239387507
234246863
142484929
20636182
125006428
299204104
39809132
2295741
19238166
4590686
166223233
266797852
135876296
240116678
153478134
6433344
46695837
241367365
188176338
294052051
191022108
4022075
4309709
299974115
266934214
5042919
2337625
4169274
11523327
266930681
155779789
263885421
1892090
13760214
4699220
154827686
82615263
152868679
195006618
4527708
57914123
3182541
197433283
11323863
194302101
231958470
66180915
328593
212838833
288406107
157492321
5042357
104832177
312382050
270596720
312693766
312225824
307116969
221072808
266671840
221002258
312446602
310699262
224196293
227373698
275595990
312404984
260909337
264796887
262598202
234025609
264024343
270005381
243751729
312835249
311302063
228054999
231649393
290611512
310633653
250612257
273412695
190329288
209177038
278293998
284006128
265246728
233191045
286753606
4554749
171291046
265925471
164503679
257218201
225913906
230348502
288466397
241467694
244355949
180536576
290022225
151024793
264536572
161811440
176798271
68323706
229923104
196967186
15160418
287466009
282372245
303328924
274878533
103593061
145742802
274449872
253601105
88325318
275408091
178729952
241601189
96841078
143582853
198014734
212390862
297111517
230969236
216063871
270353371
139556651
268231290
231963037
223422111
250442672
175364064
119889377
247782222
264959330
301102954
168125169
247191932
277609559
300338239
141155506
285141317
133909425
59539142
153189635
271470885
290460156
254095411
287164996
237179195
300662876
98025116
298626647
145466986
229554177
290566721
310111467
298436639
288162591
168155507
212468599
155908515
307430347
247670641
149227589
107908944
273447630
299862067
6645469
299313436
174876192
272500549
282510704
214906943
190923109
176439109
76242294
290343171
289508247
175279646
106027138
285902615
298070624
220509046
259269549
176214684
286816411
311241600
221870471
265400719
306011069
299809462
298119566
248397072
291177321
298523806
297798585
274316991
309842185
202150964
233212519
238261678
278587053
220365003
284422814
235715285
163517389
302540368
152740429
240893001
308707761
220929445
271549627
54606112
303626998
275424726
253932030
298726212
257935117
221023761
200346200
267035381
202048725
132583349
211759637
201744578
277981208
7542786
259638059
312748229
305189364
302097412
234480728
229111848
253307947
241560243
269491272
228948624
301211050
233712933
277958765
258620758
281442793
242441702
297554568
277052457
243999738
239082468
280569121
260149241
277347455
309764645
302925175
274978745
311335327
219666516
276416942
162603319
307616078
199890631
241140784
264150677
279566643
268138856
293893639
291801191
188397752
208354810
298722303
199885998
160032701
238383048
214795708
211125018
240952126
240920704
196234576
237067344
209113221
270785780
205904914
299644361
299165999
157302419
264062891
229948350
285248650
202218181
288708627
214581670
222489528
277045260
246695748
296175210
229917411
294099605
167196074
293348410
272695006
256181986
255198753
164451751
280322500
257417412
298370225
280805348
201257014
260433211
307065492
202202005
300777411
173770136
262045056
165845716
153548505
168611454
277678238
308023004
151080897
302795860
280540866
298950412
273391200
166808551
308570385
294275005
286233596
300538027
270841374
310661808
265314363
218044931
160514684
284007755
291401212
272533689
203842722
145070567
156702843
151257924
258360568
