306949996
308066460
309030616
243369008
275481418
309105231
194794205
194263272
194077557
236634320
202220143
203815111
195073098
291270831
237822764
131695031
257869970
56199515
138961038
33478494
237674395
14156763
227084909
136836303
279354067
262921351
63314441
38369811
145689765
35724173
156917857
168442785
62984959
189221558
52722246
263794795
289697448
231118739
288589316
261388937
211298300
102044773
159001956
199669957
193933654
269273074
169724167
174116585
19087294
267889445
89596365
138551463
271407355
214423226
134854398
199089811
28081595
124989832
181339752
212362055
280323842
186677151
184254207
165258638
121731794
138089574
167777876
200309032
183119654
207083933
235127980
251215766
159956613
273882244
283093392
234186769
76725742
160731214
135037653
214498187
269775569
4908237
84719896
598302
49819587
102515701
241190441
104802082
178346977
165057643
62513187
164376156
255853828
162461078
91175138
100199703
18164751
169494978
11154454
212876640
12769372
137231981
148924492
89761602
37224993
223884850
192684994
9372005
122102201
99546131
102848390
53451477
229863208
175838003
132737623
92725135
283653128
198323966
143976073
304410296
153904364
196407990
10363044
113526398
16878981
178597269
219099746
176038220
76856086
201951873
236660412
5374735
31289252
151161766
14209323
83221622
139127212
164407147
67045323
260296069
190647584
34424126
22543464
159325416
260391278
65292954
140436873
271126344
205034048
44207937
137355306
185511407
244202196
249422178
211685730
220448163
237468216
170245529
235186608
95587840
13490329
251838016
189390527
98162424
182051671
228273726
183425552
280314798
285260151
266629977
223387257
186039246
225605207
167494947
300454657
244458152
240606750
188585001
297085835
217931830
258586682
159338202
175859812
310692031
206089594
300948916
284029618
262028653
180464093
200990356
42365452
196285034
253619244
198161841
51499729
284406551
225834788
284405004
277042136
169317573
230882815
57851827
239145989
297001394
228438964
241551861
236846205
239194764
295036693
210552213
260394422
227284649
15316500
33672156
23115286
263178186
78126659
244947657
210046569
178371763
112414125
202306827
73433327
199478414
4791787
105429417
17282539
150345206
224092038
138115969
190456395
124627060
169931704
292317595
200174714
223827089
295816455
95050898
198436975
59492890
197083239
307778880
178957736
77467287
185920013
188745651
193746623
153084680
197847270
131581929
222748163
173306547
130951311
57653289
164062436
151873049
258861942
55934403
162195219
167767073
80373097
233808535
244958175
137172283
225470324
92884547
242851692
266655535
271283358
90185113
138331632
89852818
294905083
131537754
208465750
244449590
141396667
142945095
33223069
103779859
19738908
190349497
17630102
9431998
6046819
213859269
9114173
154021779
93581829
77183538
155300950
197616746
134565521
192656535
122642561
253058563
153541846
129944797
571547
258607247
123355643
31748081
16159975
6705759
32959324
21709034
131681440
4416791
35269859
58573868
232515512
247552149
3206973
30457926
74987152
187960700
7340146
12167053
160532898
44918174
140183570
184961979
67458392
154935349
60870751
205116872
25840628
291148899
64417218
135095400
232783497
162369776
68185743
21868824
145112845
66990647
2117212
92441896
26832877
8622689
198018477
149190152
50519220
41819582
24664983
206768567
143836702
85807237
227927729
7040343
71669059
8890705
266435045
5872123
88246167
7321634
122687362
17227873
74862390
140716908
125153250
142746966
208176398
92695714
12067408
253648158
8583272
172373167
206529874
133597167
89786797
182149000
154466354
293187068
220143183
275393824
166301833
200357438
188445564
142738432
44311055
96193202
111611791
187062161
224043165
248451626
231985217
163834151
185821589
195628567
281298001
38499271
308341854
293450870
167805888
76562162
226473061
54504715
150484600
207165538
75564423
264722299
292524574
123039296
287041640
293069889
299631034
308519570
308469762
295333173
222382748
34513744
169908249
26939653
133805649
272222157
262590623
218732625
77919728
211500233
107760312
145834783
234286360
194737976
25947162
42110118
218720055
254247316
186347587
103205995
137381294
198216960
14415386
1598411
17724122
50338748
151284681
3910633
356168
291483827
148178041
10536150
134197133
75654534
40598259
220033546
132292268
133244081
167414856
64831247
8727617
124940813
156363230
210520506
176263276
233731431
14596235
53274679
62908627
182655270
4606984
50685456
299250558
134503463
81181595
85007967
15636135
36955259
49311199
181855466
65808845
106349557
109491754
135551810
269851547
78446166
165861738
272982765
239601858
162833693
221955323
61256640
158693611
106693032
30060481
238138452
59014930
24184160
95613343
147188750
52360580
100465424
67448327
235968807
70642893
94795227
67263264
72251997
56032492
52882387
27923201
3111987
152189416
181704989
7562236
234783767
246975700
123560849
23207311
170673652
114482082
192827514
50978070
159555619
37036433
131756666
7887008
106826187
9153911
87984567
159240336
2651377
5420245
31834300
16746843
218976161
68353782
98393855
74262332
243617926
20094245
134474967
153106466
80055293
51507922
37248625
183489520
55124955
185495799
22704996
65306340
201945265
49411678
71876228
49223306
267436048
43400746
227880725
18542116
294787575
88661468
143153749
255950643
264590871
246164787
274539582
50117520
247405147
166488090
22465870
234407636
245197489
247287430
202688077
60465186
224405721
280035281
120658144
184292190
122053590
301134068
164178335
289011358
305422134
242578130
307529920
229849208
106013561
58535520
22566090
20914796
270794689
301826383
180663080
15965266
156893300
140466825
199710494
50411877
134353675
60654068
17962123
103469803
57490128
183074046
171980118
72373299
35498705
9631092
102576681
295607283
1389694
165772478
251485833
208201472
50368779
1313889
52745729
154093349
303388884
138654876
81642917
152794684
250305698
144950163
84627290
175405451
219653986
145374458
11438819
212761248
99267182
136065462
20859835
18024880
20051975
288830993
198469362
20824455
59489995
2576613
11286324
99835876
133496389
237820288
205553119
253977933
82628447
136159974
109109048
5875069
135617895
304726434
311024259
305652138
201550848
259304186
214584727
69519540
163149752
242736360
153864884
181900742
221339209
216596210
88624172
119221699
147025246
276050345
167355636
121136466
134004717
121111981
113134088
49767380
149556240
198838634
197867081
168722400
223424670
188100658
127485408
187661921
224963953
146534446
31879342
192473979
211335243
203683567
137053470
282141251
198479474
144458411
195824509
134279291
229234414
121405864
192573007
121096414
276030835
123280875
300337623
266623265
186224572
151963519
30509185
56345683
205622918
253233195
10246019
189762775
248427293
151421955
51402654
52577563
86717734
184130134
58816293
92594855
291021014
122721883
152715223
225342029
158484025
14366984
29487794
43766108
95173527
233218538
134008143
125634056
163986746
119980575
66216291
127819463
62406389
12790712
137764318
60930350
5510936
123626634
111885661
157069795
34858426
3933995
59975733
111063972
5263772
70129555
2186282
34544478
3268226
173762893
90680280
4786263
412133
6676306
174342768
94298568
235819504
101293171
68375418
12300214
124467466
210198798
90208848
87815144
19346423
24253146
42366359
71603600
82173277
135033646
22652120
207184897
194273682
87115901
203081014
2630556
10422973
156814278
7742188
68114541
740253
90579463
50901943
90804439
58784987
66627580
7234043
109219304
22459431
73957415
6244970
159704919
6525853
224064476
37047247
30640127
81297828
67480495
91612908
4415579
23086025
69607436
61520368
155048756
21659186
96981817
167578254
11915748
86021949
277623857
139902501
36150514
15111876
54816749
1953013
101265442
35996961
53385286
4099652
827552
3894225
97569797
8947871
214993471
44360827
89821844
83661523
192093269
29411885
281019919
74918451
156074200
11079620
15193940
8555536
16499536
245035750
242425526
260394128
99275000
57770586
206134171
59230488
227199714
4288208
137687034
7431009
9536844
1953362
169242113
32712352
309779836
205251071
148326857
6010999
21788171
55690051
134196981
106031669
121993860
233406894
54111604
14613382
845215
111865866
122213586
167374626
193657970
140572837
204996691
139333255
159710016
190093969
182805042
39902715
205221133
132882471
142504040
38769181
170145282
183744340
113531766
221615276
98045569
295557945
236532905
7528785
98214781
1134576
259204133
241181691
205179739
8437532
190154640
179819832
259915571
186177621
52095196
267416743
184446803
227520210
267634531
267873548
158793286
280615896
43634990
249454262
178214450
133573705
233582749
212271791
180906870
294929547
183243459
157492241
151641406
303347043
137474209
233926670
168072075
159388040
270559044
149201787
277125149
287283098
299837062
277183708
290846967
175708881
286797834
271021277
310666608
288622620
225930385
305734540
273086948
87258967
309729504
305375542
303681953
215675280
70467300
249715833
67203571
67586820
25077433
192087573
222590407
93589488
221162189
5949155
188802107
19525132
31131692
53542468
93404964
135978488
158937330
2968726
8435930
2870329
52764055
999043
229176263
104686807
9796252
230165272
50044730
207498852
238638172
16634874
8785411
143047137
89278367
30784690
99459552
70266618
291401212
29720629
142730058
31410354
75441267
118636017
173228535
85493933
173803016
147281349
105621752
179332504
212430255
200913427
291092789
23807648
135693523
17171053
268835439
217115353
100929046
114632239
79330637
91148558
119176469
51057558
234432562
116519429
18271639
53557845
175844893
33293929
3449023
128330264
165466756
28135685
203558347
222398375
246406618
7783167
209871934
54117177
108397986
94969242
187844765
87345489
178113354
21297420
181363227
94318291
272880422
19931810
5971531
22372983
25085509
18008777
175037771
26541619
6927424
16688546
140098773
57483144
140188164
202487539
49651764
725812
100962369
251465127
258808436
33603736
180682386
142572539
2598999
8682707
9022687
57358957
275834137
157844486
150601109
57550035
58952948
153767949
1625874
18390722
53526887
108984834
16576399
157965956
150337368
138782940
2318449
3065542
202342991
47781248
35844210
29429218
99087846
13674032
138981634
154003166
195880657
214070997
75787542
145329814
188686529
19490790
62333407
95221452
21043018
66829504
173079749
136677925
163072852
107998087
176695112
157090679
136830612
209512704
272794453
267992132
138639712
85814785
205744020
143019563
298531554
233495844
39555462
202150964
2750770
303556917
171409276
171883193
163943353
164233147
277003721
164113166
198432263
265144930
284343264
217623124
265599796
311579102
296092784
165026190
303567184
311284957
309483706
165845716
167067826
150949060
234081083
303746325
266805118
278115384
272037908
99203071
305669871
304523254
137872643
64761167
279663301
225350904
205988952
51924187
289651426
141461733
19246188
216627988
118844201
178219785
141672609
273462734
37314042
235586397
122319956
98003190
100582109
62351080
140192488
226149589
86071475
14726140
177636109
234016920
203280335
145761571
95019282
236308977
133801294
621703
120644187
296109256
99771495
137652015
167357624
164985613
17828423
143345304
118188356
26977598
132827193
122150372
155039283
137341158
68742839
181688432
237361450
207976142
263831405
157608343
195656233
142149705
100962369
135903613
97082783
100644940
242570120
202752453
57483144
146296499
60212772
19931810
150723627
66656250
288854941
11907526
173671041
191918988
64262201
111673708
162411372
160246739
195319805
154115802
210148672
11089906
42180652
285043336
132827193
184096272
138639712
143984047
9876600
311017346
106343641
112702242
288880910
5417668
6943458
151396245
56189664
84846521
8937491
111848254
310642451
183467251
127000941
38714380
64789007
240743089
123954347
77238010
76413967
158251570
90442205
62202336
220180284
9943839
152355018
56197175
53938810
59350050
26494445
125897736
30115233
157786793
158510058
176374989
97065337
132096901
133641071
208903451
47550394
8155554
32574172
141431831
91552070
178561362
310725973
142239569
189047873
98568263
267712209
60130093
217289135
157189423
13666934
17635499
308886152
103814395
135990196
94248581
243645720
150567084
301732744
67427029
47296219
253515847
44460109
182108654
13284867
57878201
39349100
211872739
133855914
63528838
100929046
28135685
64497510
263137501
299518939
119898397
200913427
109823592
110540589
20643399
174263613
161027667
96752506
114632239
22237393
72915066
75441267
123469858
38222617
677483
56010127
53245779
165170154
159264254
33293929
163307446
162297277
119668801
8656731
29358599
118737553
180771284
193488973
154701898
54656079
128330264
96741817
35849362
197416849
244580224
132373088
140545196
307452213
201926478
304523254
57174531
54315052
270954165
4076706
227881112
144440924
232949439
228936939
94322142
120267333
216973198
120642216
156450292
155417045
174312396
147043325
236272351
284692721
150290390
186866738
64336856
274158496
144481748
276848198
293048800
235340363
207840845
165661492
292890718
222705520
222143427
50572716
302432948
297754101
278969528
297225538
264868137
278905296
235666051
94526489
269394267
277003962
290788260
36792008
229659938
309990667
271568778
307673639
305135147
311579102
301235180
302017247
259900711
281882748
178964269
260461552
179085404
267444677
145319845
164119384
168414845
285218432
287524097
301366711
228186566
306493678
218606438
63128547
264361772
299450812
180764178
31057062
201339223
12530317
275759233
246003482
161986963
214559825
134167532
200243366
240442594
114341705
178630281
272880422
31647975
251465127
122384401
183258589
18008777
296968398
56082046
7073460
274534615
310154824
56753932
56584943
152801811
21055946
290505575
151890453
11684606
5632865
132372595
33603736
5299486
24261875
33350959
234309688
76814434
311740828
218573904
96729361
132654668
126945869
233928669
225700565
96888206
7818116
34071951
193757332
70481935
23938405
18476830
16427967
107238034
98411590
53557845
85876983
225596390
295922136
302840542
276472918
77050172
164383831
150543456
261388253
131933093
139598971
151268642
176232306
159015671
144971612
155037333
154934240
193914939
190265360
156295793
140094948
139500563
232799693
148378953
3564566
124544817
88305143
151704124
172033998
90838984
177547874
290308729
266153289
199003111
298248666
17491862
237146789
279064054
90774057
225910125
185128577
148218522
181335523
21429781
119945820
14521942
70207606
98024696
24578800
19098021
281568835
10332468
267456178
37691891
78304667
12817370
266298467
89521200
22728641
26888100
16759554
8806418
135923982
300677973
3883847
51217803
268151996
157669826
48206093
8648622
252544909
191138388
124092387
90716791
121117358
75689432
5742170
107162465
143835883
256084501
19311339
48447516
292977967
137945940
147780980
252827298
270122250
301202226
165026190
268855905
309266199
187440214
179271032
308448892
145745371
170639176
274541367
267492186
296179873
301269061
272508719
288568492
8517214
140526425
175037771
136988491
275834137
227014521
61390968
8682707
32015806
175188309
37582565
186676792
132016179
103371626
159882414
150605957
19525493
179175222
68969013
19094089
2897299
74633869
5790714
191058328
77692109
4279762
111156902
113018795
15967191
6726153
62204595
25633158
214778016
280248381
234069357
88457485
225379759
160527935
193244121
54943593
206626698
106361794
287271863
73854746
217474891
288305729
136808243
193892820
159015694
135825547
144900665
17107614
170597053
278558959
68742839
268762623
5022155
146377459
220343978
136545780
231273096
37037363
221195750
137966867
121923417
222690822
290624380
268133426
96743409
263841178
311165917
275999808
288787847
221769780
304499628
290440363
235364858
166421506
223257932
182418793
262092475
257325232
266449861
93589488
226461492
289989177
221162189
266531331
173081666
51480609
57093306
143628209
157211446
107768054
291285966
310001156
245953526
91158615
93705639
221924641
127128057
120140551
203527557
93711105
85307289
187882041
74938992
26977598
136270503
289226619
79284058
56618981
84957196
95806154
194328052
110801632
108885288
11794407
263939850
184899632
172685431
140227053
132888323
113712522
3311245
124140204
134761644
90825479
13219606
54937411
86764928
299157775
210861950
54691610
7865625
256330739
48141946
17033597
17518279
188460204
26490609
8447763
206126237
242129005
9191634
134084975
76949033
19453089
152823556
215684678
11417816
6264027
64260511
76262936
154385418
146371546
179353801
65571615
21656353
174975727
8898488
189748901
135913068
62412762
183703087
19268097
184625114
87810437
194594476
8011392
158759044
156739467
30014275
134452494
183511691
59178741
98280417
126600488
41693409
135979735
9197421
138974874
17801563
187613673
5619875
12754315
133720233
19318244
155738052
155518342
15162510
9022687
284378188
133118388
43143375
57358957
23543921
119615865
307998506
14206639
195521274
217253603
41434420
152303562
117670059
257822522
180134161
283568116
195412528
205394944
16435567
173947493
86551887
108825400
86074524
127001479
141923679
57540611
17886625
270545057
147046608
28883818
207661568
86499472
78923878
7777552
145415871
5818875
269016852
172660547
41189268
98899212
1800221
42966194
25475854
9135578
21580836
96178362
249737507
178216095
96566580
10181059
34469
18376197
7355047
4729463
3741484
178070929
4748415
70454308
6941716
308499496
258371805
163715130
11991762
26326211
223574651
188270897
173046580
98907034
266805118
295401717
272794453
232393274
293936386
158117615
137632560
267622688
233573810
134387642
78525748
185547114
270703254
174430664
275600452
178402225
41945184
7201435
177486932
196937353
95557785
52270695
26679051
159655550
139174561
134272527
73062345
4285023
73865661
123912595
176788954
7425768
85483304
91723713
5314214
1733666
141393701
162686564
160379235
34245461
163702650
141539106
3514034
94854657
143466101
62935646
163822997
94199327
38594901
76089549
261711194
134577301
187551320
274659981
144970699
67125133
31480741
263457517
80103634
274697188
96720852
51807242
72193446
11227170
23786003
75033743
229137276
289271178
26767615
215149750
228873031
293600052
186228532
258728796
233347842
24857917
137999264
130794177
302283359
40427073
29177365
29888135
122412188
151653898
263493261
275140105
190209110
312359265
119217149
93861764
26859068
222569034
132681214
293860795
31917480
103648696
146855669
184202735
80939980
8376005
307220496
15584654
253144082
169640389
308885350
269965489
151926531
156350803
177926680
200978777
234016920
233151525
281653419
308574991
305838574
280573341
246271385
241670960
291319321
281810146
260510768
58662051
109193581
192569326
287391186
267653794
304846992
91886927
188823098
31449943
286616306
234619418
259501993
254415179
206916661
66082079
197736254
156402383
59408579
96840991
104686807
228475613
62677231
45350534
135537870
621703
117077653
81154323
61094957
50102737
147237264
183236212
200461945
148044356
216258491
144571718
169963583
115780035
91912419
224086647
137894609
62167758
97993464
152584298
14743407
14088444
214519678
238475141
54532423
238358449
148653420
216793091
178032254
55721042
153486113
9304492
135617620
86355143
258857307
8243968
31505830
232868870
150315827
58521334
61654167
52643347
18347212
59072077
214614369
169944455
137689375
95621268
190831951
8931537
61086349
221627385
141498338
44085182
63054093
214970863
27936148
154418505
211901572
6689471
203275675
14164432
5563117
103469157
253659894
65171222
195150690
1652898
308953623
221831159
82117421
105030947
168506099
116548515
180952435
97243781
178708527
245985898
55172033
72676651
203295044
207556400
203908043
248868124
199023030
45848778
25373362
134948351
50548900
62247737
30643053
207689666
283985351
98817097
146289792
13226278
297998393
135564698
159297874
251780665
15054858
28670289
139310715
145348485
200301509
146493595
65977771
245418796
76767549
235770556
28905024
144318963
144328741
263681168
25809881
164701064
72696547
168801167
151035948
24680383
226545866
201338996
180988870
40669545
165515081
16688546
73192020
202487539
170111442
229355248
123938639
8957022
172997819
199721227
306897839
282637869
230489085
299289559
302790691
241479459
301673130
273083861
70083506
3759051
118725410
1733784
62396012
13672259
11715585
144598165
10823730
21563787
53622486
1025276
64007651
26734935
11808755
967954
1820285
7571216
57053849
23073060
16934433
715129
56384484
4816380
195726580
3399222
179332504
27038897
1183004
4504339
7485890
20756059
4673420
212697703
4957762
5658670
107417109
76790933
32998885
5276818
286502829
3084051
108733734
52086678
301924601
214054257
738501
44310850
239387507
142484929
20636182
2295741
4590686
46695837
299974115
4169274
11523327
155779789
1892090
13760214
4699220
154827686
195006618
4527708
3182541
194302101
231958470
66180915
5042357
221002258
227373698
260909337
264796887
231649393
310633653
4554749
230348502
244355949
15160418
287466009
274449872
88325318
275408091
139556651
119889377
301102954
247191932
133909425
59539142
153189635
212468599
307430347
107908944
282510704
214906943
76242294
285902615
220509046
221870471
265400719
299809462
202150964
220929445
271549627
54606112
275424726
277958765
277052457
264150677
279566643
293893639
188397752
298722303
160032701
209113221
270785780
205904914
299165999
285248650
246695748
296175210
165845716
277678238
308570385
291401212
265058251
90692071
159367819
266645978
63440215
255192558
83293140
105189875
11627742
11796793
54641320
20322939
174523096
77895644
11371898
111614823
41745730
106120165
95265285
261482671
79959311
283220158
8716611
23370989
243716488
249715833
9822954
71261781
12590488
230969499
133897983
22157348
80131198
1921548
95922684
261913952
23617771
64774202
64605372
58791378
16515598
271565273
309142042
232661609
310349002
235432478
231221751
185284709
309965413
175416187
297210628
270606433
95656153
239216194
132586259
152272883
41145238
215658523
223394461
12690583
286025908
250786095
85789400
120418600
169410018
181443280
227030799
131893913
195501622
45364453
129452854
85217802
233803511
279174446
34668183
175421849
223705486
48744324
11022189
15715753
133124955
96840327
141047545
26229206
37911310
272258399
210265349
6017448
101360239
62924250
6643336
17059508
139795747
277898233
279759024
274335888
214339865
179432643
182315360
249789556
127315951
286417873
212266902
105653270
104763184
164544655
282767504
227790258
59475461
227268088
63755508
224844555
264919864
280061632
64438700
292180657
275958921
211608539
192229732
193575809
208726012
214337322
299294721
309701661
156853203
184890694
193082385
212493566
151848777
257382612
234081083
268450403
192504310
165211303
311824678
249809819
94617561
236319058
212878719
5666900
228680338
229584710
196627920
19527
3307718
32544985
50542325
82407148
142417022
235920369
36214331
52545596
32293664
123310495
33314461
12867969
297006818
28886830
18006777
51651991
8970312
12128320
20280289
217555551
135115617
103057671
4629774
14680444
205279784
14267459
40698242
156800728
40703107
6439528
36807680
25735966
179436471
11430720
10019029
27107427
156813438
210928710
235120215
50587486
11636084
150248991
53603355
30730326
160671960
38668862
57575419
39865952
56379163
74942158
100173275
136685657
94577891
18818735
21545260
20798700
142627198
11038686
9484294
235569177
131713336
31743791
115222463
19716181
4278784
7469765
151390834
7398185
75635179
157040782
38744547
27770651
68581332
77337234
35907362
218698926
244477081
249418820
118563476
100878597
262831324
280035068
138783584
85916744
50258637
17057998
165342961
260607497
2446913
94717164
261401404
123468822
260917381
281606111
43130625
134677375
73556668
259118607
103259253
197139436
5788441
136720618
228174279
12792110
26970424
242616429
202601746
17102514
117140649
135509187
71116289
304827343
5691120
90483181
8294544
197390708
150601109
89132415
132369545
67550709
206772501
144599990
50801152
86363924
131833597
17640413
16089831
157142624
21705599
277354051
141338163
208972317
231177227
28490414
15797098
86113712
233994379
134987627
248852061
149037810
157092626
8810554
4624026
4821470
140051438
725812
12747588
246808716
18918673
80128159
65332373
208502557
174837559
138916959
101262134
15799242
92544805
167013437
52148432
164588761
27429519
285493785
150860814
19649678
10751732
95221452
236729327
224970750
296336967
245677929
21277203
303556917
284067119
290844190
272434048
50464102
18073109
206246906
10363245
294414591
141927051
151987314
189353054
261674156
238734571
139155736
258465045
282605673
251587069
294493506
240546779
188695651
227946674
168157773
301519219
281220242
298936294
206773079
187873025
252459765
281677671
302476139
203407228
246172834
12898403
8105473
2906057
134457524
5032820
4650913
264589360
232570649
48671126
6245570
166694088
4828673
201885707
104649910
175044317
12713374
4598432
42329284
45967983
75557138
77768167
17726886
95920491
106386144
20079086
196510512
54953198
98609650
66363296
34176237
105893230
61024966
41222883
133590789
36955757
4079345
23625553
5095604
7454335
21895554
47600392
296597174
54494673
207574744
111435955
170952219
97696846
145663968
44063735
6250800
230720597
245939376
269058649
136190814
267021254
20336497
12211750
73129694
240187336
230116385
154961408
189897028
2055326
11071201
11136771
137789685
83084784
18510076
80172882
253857120
238088396
176518984
137652015
79480229
136435349
221783093
282436632
80591783
308173833
81060022
303759324
118741994
154216762
94182009
27284871
65576663
185891773
174302270
39075919
133973839
137379569
216728550
15823324
182949476
92078015
227947612
154898196
203646780
89309702
133664940
156009476
203093798
158897384
7214441
138589995
14108957
39518286
4361270
135544553
189344223
28407474
105621752
268835439
271006471
29489769
223866861
51238265
173952118
62418258
65121938
63410173
44010402
269819654
118991067
55658647
94893014
85967789
64259636
31410354
79330637
27948741
234432562
147281349
54117177
108397986
129465548
137222929
15120279
137541849
169229510
247899724
209760847
49651764
38550610
140188164
22372983
183583830
285408811
99467630
16016031
199443165
218990475
28572590
94318291
14078638
197163882
22314982
112331950
272834575
263908131
175180989
186129857
135929513
284158544
102981221
4575911
134279217
61809986
18390722
2990550
195773409
62010086
146212069
109163809
55274722
20671343
10097839
31139022
10226795
2598999
152705385
14835325
2358856
157844486
134145095
241974639
80169003
282745334
73185880
190484655
154892292
57550035
246706004
168435708
203817879
81916647
144310057
152557058
189676874
54250368
26763853
3581312
144198322
295615953
146356117
4129630
73891625
38785833
16868361
13373496
35838862
167712652
4767118
1962212
141528581
50475027
288636726
40323602
20841771
172513353
6816823
203849256
135317352
154427083
73297393
14272122
19829669
2415196
132641654
22934836
159852253
2199773
251378144
23899711
12359228
22506490
268814575
10386932
44677775
25182508
52551760
264143281
233496198
41409672
122267343
212659823
174299670
748948
117963444
5463834
7632218
192555597
206099035
203322593
264229922
188729062
112430544
137698805
142600307
27802397
7245313
5483955
135351566
145505687
213811274
90558408
17954091
1275708
4732548
197274774
221969887
208297954
155903398
52368173
25850677
271031157
84880336
94058693
48878222
22830072
151252025
65797915
111670941
39205764
20352746
157363871
145655996
30072125
131699557
255958691
21932647
116737250
289484232
172489280
75112662
13753563
5263898
12540824
134940474
177291080
82614499
213290099
36788288
152641903
43599643
80992497
12190081
280952552
172006808
9489446
2503751
126673206
3265916
23464900
298684138
3602555
31716569
139168698
108418544
184104784
29609366
251122920
214799655
30458758
218403459
158516749
70768844
21837333
103603220
217684556
159648542
106841659
4238227
136087577
44302828
221466464
63905834
230441296
38661780
213210427
161491772
4487055
62925456
230224996
102305815
7559327
232271412
233038688
15721372
67078290
157642428
8605636
8511800
16676108
19204146
60895616
53032581
125226453
73976118
227941164
183732527
168460629
136988509
31706119
25843374
66289885
11890391
11546702
19287070
68145626
135585437
35501758
131099969
70658079
254663194
9917772
18839764
87078448
208488533
145830618
109290748
18147918
134311797
128396991
228533145
135319848
18563108
5447189
36440744
16410243
9779397
145187032
41801892
4746673
172822868
50116438
93540103
157228892
97276506
19644365
90445360
61946345
15835316
183027436
123314040
218446730
159740389
223800573
21833279
32737833
16408710
35249160
19313970
251792883
131674335
154345961
2171564
219556607
122336867
187072888
51510287
18811554
13525969
176880868
144442116
156804488
137427281
24101917
8504235
130158959
180263000
12385767
139197044
56274029
150728751
218839604
77125663
145574008
3247110
194946876
124787815
140526004
54226354
244505215
9628308
5709267
76949466
9011593
63542970
33484077
189066252
236665224
61267210
83239868
201952251
228464025
196963274
269759371
170188839
22269445
261629657
13309207
203541699
227070288
25085509
140041940
35102845
196333986
53594046
222448700
83409558
88486270
157965956
136655879
57767173
133566357
304136385
88909476
89068163
241551810
209157132
275782116
1625874
108984834
308882268
7366018
29269023
199978332
132779748
193000677
136598290
5279642
171500496
184424690
53221919
63517150
142967163
311754211
282089569
16286619
12082450
33828334
147039306
171765785
44894127
35778035
248513318
5896592
216106356
104257812
147792130
9031403
137227408
178549325
34554952
4191082
12030106
251792951
311964595
222565581
312900274
216052264
7782557
35305150
141400212
277298751
181483878
269523397
99876178
16085190
181101528
96026208
8794462
118570468
175597107
87098548
50639407
15141512
221217865
21473317
80871756
107553761
139979475
133882215
207549595
32171443
9433529
145990635
218342674
200383754
83067617
56218433
30693899
94789243
313350232
47676007
99978585
81687808
50885692
12660923
104139191
281328600
14348573
23767092
11367885
145429844
20442665
226602317
63388542
194158183
89762938
138212472
232558976
133093706
169429760
13590862
201532689
153617388
171147056
148160751
240399629
26777420
153622858
168594028
89319348
202845848
243481502
87345489
55412323
169525821
62714081
271490257
113177547
29404659
140938370
232646908
14122194
241185433
19791106
134578684
142987468
197301091
5436360
105405701
312695022
74849246
227298374
8680285
274996012
212405327
5460342
181469098
56614836
235873082
7179642
36669786
136575705
12437383
101469779
26454151
21747320
161599563
88825739
90600991
138854830
4491889
199853784
23137417
166707404
20734889
163509849
43377454
260518942
150274250
151463395
304315160
105226
109430557
182240640
92857660
16694606
26459642
142599761
22222323
99282636
39075581
78599208
219447231
30685668
29266
265144930
18281940
254251976
89851029
8645614
1912202
33198665
89065908
52813695
131934800
13914049
193006136
278447724
11684038
24034530
237465305
58991034
23460668
190033139
51067565
5504482
25943830
26628656
5452384
97011564
200557917
292005597
281270057
187946208
92209470
158039977
288914052
212855394
268597847
156337706
224138517
53501874
219899260
70467300
157746247
196472226
202075241
237327746
256421010
237013562
214795223
210246718
160238094
232960755
232684521
173391665
175785451
205955110
283684670
196135001
153543991
80297730
154302010
298116199
309726968
302750791
64984254
221463464
176076035
150382814
152079191
160976507
150237331
29546685
217698886
235033214
217134916
185881380
170421760
7430039
81506997
78104602
144038837
73370369
141824191
278343087
237185898
259710123
126958735
198903526
20856446
29070475
68667428
223083721
134373337
303591950
213287289
106235933
53145577
83357963
50033183
152426017
121099665
29103831
144943351
58363444
67614680
84135549
54850886
232486312
7556986
133725435
53038030
151549009
141798045
36128096
66262148
26543575
77631967
186741764
185828425
3212804
164648258
5319666
221387636
58601989
32799003
51931090
116220651
9368530
33296017
20828898
30171653
46978269
20700829
192918026
241066942
93065895
54239039
23351003
69447479
46230432
100313867
26343312
177101512
57810611
92208774
224378048
102124403
97411657
100784850
196559950
96811303
287081096
89586325
208609068
80795878
168950247
136281658
20282109
72960120
65974110
106080934
11170859
17942637
299078310
71796048
150757867
239277321
41881694
123620803
174204511
8973443
12815258
19817878
258787495
69456841
161334183
300406941
7151140
192602494
7645850
52827051
298728531
187013144
98439749
15558078
20034219
53118382
312053187
69121024
49487228
109404820
12445554
183753180
146463423
13436785
195778120
148375424
38570890
97392426
190082856
14438685
1718157
62391702
224315934
76402783
83805173
266273916
3973
33639790
4500580
14562868
15116106
22232383
2571579
5608403
82460158
84571323
15359766
284449195
206335267
152269411
88428205
2946948
17071592
220972481
279791501
245940726
4364669
240457030
254402702
64041180
154271393
208748614
288743019
182282487
3335371
145553321
78540717
220052979
161199000
145676643
88028352
173425133
67632980
159796983
139124812
192039661
141230031
155078125
306288661
222624143
254359798
159149731
251694571
215675280
239391874
292183375
218773808
226592882
158710208
124220493
312224049
156352737
170861284
284060069
164013051
172797500
209929858
113476351
306382796
174584213
276353635
171409276
265761453
284343264
171397897
198432263
276393667
279225573
163943353
168081712
285872347
200832707
311221996
290279686
264223195
293126532
256878631
311813213
307844791
227805660
87224638
70107536
222997354
18759985
38858350
209756065
258591996
104220068
175714940
153470315
165512058
200008195
97440319
147285187
135399626
18862917
301381259
105840886
276063419
295972362
162720084
221922771
152354469
217930632
107761149
150041941
228173461
1164918
53389761
67829549
152931535
146147092
3892598
302853206
9824281
258313609
203173678
4055898
56764123
97177265
110836199
245045607
84477233
99043505
4398355
166120607
165793999
91412150
10261138
50760920
38496224
34784591
148149976
13541915
6522479
182924106
18871581
4143315
47690301
180354891
17577851
223173422
128916126
97138583
312298653
281877367
195581293
199947674
6228404
151427934
26466697
2633641
5811385
250842764
24471767
11856330
176196008
201541247
23360205
29501990
10417800
284945416
1724664
89941810
235742422
51077726
21340338
27434697
6270566
140842450
13209071
58787849
103463266
28559354
28921003
155731025
31518920
138700181
9416542
226681545
194555625
31726358
93701693
5448002
694422
102475102
1958849
21084975
25497336
58396336
138700071
141194315
134853229
14392824
139733309
204595453
13637449
7756210
94044972
182425274
3604258
4564156
56820621
104355397
269814234
3730901
32203048
153950895
225486072
8777931
157231542
69959670
3859709
103482411
95031066
6476158
284841043
164955415
5971740
184891333
123441856
1340391
2690580
19934047
4173476
2449402
4954890
3907950
87173304
106365060
294595784
4789995
276579883
139314060
713972
193155710
238099419
284925714
214070997
114592057
254815896
11678243
47095280
22603939
112067493
7998525
74143976
21333257
21043018
118081743
186365082
13531373
11073920
155492761
226279671
193873539
238010347
253461502
143104494
218915777
266908198
177332390
230926981
311289104
255153282
61757762
212586556
280679391
234071114
194316380
233912245
238368175
189506404
253487836
200897728
175621983
141814595
279114052
299882263
184536845
196702095
285311938
166131816
145469882
262514489
220317782
208906054
170361227
252247699
267731478
277003721
275303789
164113166
265599796
212774808
171883193
237147818
181688432
219548302
248464346
281545371
255463015
142199515
18718258
54349147
236427579
93263214
132947732
271989877
134427664
6697331
15280653
266529995
144291045
77241052
139847222
56793471
90973802
231805575
237439657
170512957
290828145
64475551
66516375
27855350
292716301
89147368
267952561
158531960
54357801
257009143
1479340
168977464
279722235
62731450
293216073
159048468
206566593
45603322
196191856
226882737
177358416
235954389
278084383
122515807
3135016
241255341
243356933
255227992
14127193
92698232
26739375
101356819
46047831
196397386
167067826
203162058
20890526
23656634
77972866
18642119
140147780
36632664
71851208
16070552
181526784
209543303
139389831
15199226
312408137
194463981
49541454
104370122
33589204
314000009
191213269
125919079
218815541
175171251
186530365
5151889
163621900
183984122
24466059
267453813
78424310
17070454
54668868
71480029
232894134
126341210
58511604
97636721
83058021
255237155
132158400
260391600
40912233
313413331
189419179
252821595
277721738
32106526
136248659
313674662
3434503
239449436
237783432
12650635
184551848
234050987
292308016
169440080
10701773
3276822
6587181
6053793
99087846
42308936
5195067
239634255
191264007
224497364
2988277
44606590
23731604
20389906
15738480
1624600
39532322
4461237
3623203
285817973
13874156
88398282
35844210
304785373
215944234
138543351
178448607
213620317
157485317
123575110
244569623
139033564
143260039
3608807
265835196
195488316
145450458
134224661
218566357
26525481
262155799
302041073
199682638
256060115
288295507
230712965
216575354
175725960
32508852
230136833
265262659
254817591
152401795
247000330
165033518
141024363
143219727
192196598
25604467
68065214
145802193
15184019
182831192
82266631
45782468
145096787
21794274
39373753
35256562
59996357
178389152
232537634
95781819
23077102
76224701
18623943
159774235
154425691
281546489
67156970
15312675
4415176
168829038
68674221
132823418
28493454
248717648
3216942
19463840
105800385
186389740
5964965
6680539
17298895
234403824
180258533
3881306
152203420
27786137
140349686
4405315
101425483
225824073
144796146
10030766
178759203
132420019
39933756
93498174
12568518
34793498
241377567
212147134
232685832
17121812
15369253
147568066
10015508
140484674
254697186
157685179
284821902
61940140
96373476
5858301
82723357
10332482
231452997
99981135
26541619
222141556
156412635
114300239
76146402
258808436
37897071
135400909
66444185
14781805
13145737
245921600
6162196
9026769
182959773
8169258
289364309
108981565
133017967
143262115
177440621
211344721
9759798
243584649
22760057
148949038
98603333
179031217
195891766
241696546
14831441
35213115
137312386
12586084
216622188
212062820
97860126
294165901
1213852
277108248
275475377
287104629
74594245
292682546
48815478
277617195
3511815
32894592
4463532
57338036
132024774
260763040
195805879
47329844
133417960
162024118
218227735
30313707
173114302
239928669
11579729
62023654
99537595
22781250
3788470
234789700
9392245
27305075
15938658
116601301
847531
4173066
11305316
58043278
54410524
10166319
1389469
159363542
66781344
99778764
306879380
1957403
67314847
242075185
186468306
3615048
153721145
181438868
221389229
181982206
282105659
52065304
14161918
116170905
226334223
283537933
185969024
9527679
149554612
26600899
137480991
35821927
21850091
138981634
255629572
100968608
54015543
11061268
17485981
42193695
163024454
283118823
12760933
142617073
5299624
13943685
163512331
158905042
266000331
226271040
295199602
275443356
145248675
238225596
274904190
218108307
193593361
51802109
131259457
135385410
217449413
65435947
203474001
137708121
134147937
140481929
244910834
184858712
146998830
253356665
251155149
215357614
260540815
220281298
236657434
131546204
306899880
313139810
260903317
215799811
203727405
77010233
120914847
180816756
180303164
39721669
20407974
148179652
266255728
271094738
66968817
98160485
150904912
116847900
256451666
32123997
212371483
100611680
30820129
245632274
139134511
68610225
90353122
228352842
263746048
150978020
216702538
2855712
8153245
139606311
299455435
6827641
62258514
164935281
114749726
140330891
160538116
19187944
57386364
26825671
59545291
63738611
159650736
76457722
13213794
33915367
212885792
26512864
151858465
13722329
20027106
4808037
67072118
17936974
134154311
19317500
93071514
28582954
215546113
20919874
156939370
49456518
208905031
89820507
228040947
80184717
63307456
267868555
146241677
84529387
137906191
177858273
11425423
47506969
28192535
260512366
217959548
78900581
165450103
170482466
257875597
238715737
48432297
16576399
77832445
111862973
309651556
147318504
32107235
174360825
142572539
10415519
159952090
16104232
260773111
277577825
258930698
160884691
156155316
98786531
168775533
16217178
65468488
195654408
169138480
12791379
94893021
204499858
240557192
220446850
221730653
4497552
112763863
1253694
22697749
2797125
2941669
13590984
3761540
5176172
137330097
29523429
3799778
6437663
74292734
29120863
4355593
218118070
3896434
3554408
175823328
150883529
26501441
7703894
4224108
32007473
11259530
7428081
169109326
11048761
142815364
10283913
6451141
58761414
47781248
64354530
210280034
174745458
185773111
137979721
286623952
155677462
232264867
135168822
172748348
236625755
187327270
244038056
81921073
229710648
281000771
249339358
260860978
79396515
79924768
171569377
273462734
142677625
105205867
18073863
287034289
43873114
147835213
73396753
173640915
114243896
110329279
300651772
191117760
225561818
249434789
96684220
301426645
207064044
124219391
53672449
227308460
188802107
284206072
306689926
286021580
56184760
302129079
267723896
198846941
297538261
141488387
224963129
210616507
289235586
302614164
300835891
200574285
293998433
192618963
29404675
205548830
258828704
245785544
287296093
216661638
216781543
253419484
265843125
86842147
140798350
96353164
156043460
20678134
155242481
70553601
75007115
51411364
159998236
196779200
235732560
92405962
505665
112943646
154448473
17031799
246090517
275151097
132848708
135201897
27507951
29097309
18280759
20002802
9054971
9553995
136240361
233374337
198436882
60344932
6829753
46461769
175651868
55086785
177846449
23416040
10831350
70881047
10203867
4319126
133537757
89447680
138185869
154842022
95101377
223231634
231123937
10406635
94908057
71859628
252208546
90265560
87334079
8420425
304643406
275733668
64397280
113982863
206114499
170459805
32071857
45834282
122125026
263362071
130185487
195525243
103116852
314275879
27173636
56554105
187390238
120230133
217641140
145291164
202919264
116519429
134254698
132025748
90398214
13027267
35537036
16428310
66296158
63959635
280150708
22318096
13578410
59273674
71131772
13470849
246398316
111420988
179421294
179594235
8993742
98660774
24835431
101132008
12730735
142897326
52206700
131436152
54893186
175991811
93810788
12165993
35672124
224941271
199976896
52260324
49229838
157944596
21227923
39116616
20369765
50899584
56580971
91568751
38897261
8841163
147984461
53645740
2130122
171343094
6912357
476704
42269954
18625486
95897205
98515562
8996540
39934567
210654360
1717520
4051906
450450
74731919
4154086
38733869
309480714
19071161
153392745
197036824
258828392
167202103
175532572
313414880
297125624
150095578
186333641
192918262
138823840
212446336
223630178
250193064
176620726
305669871
299001117
303481738
301565641
162351861
95048925
279220255
200379340
294258767
181864724
210750105
220946256
204267270
166687130
156837451
143019563
