255451708
265941250
308985387
238522049
261020004
256610861
235263808
256620500
265501109
220279931
257756152
245519604
295881197
225505075
257714351
307906218
294324332
289826438
282847785
284212547
301762634
288562594
211885844
305243036
252518101
307948617
296535833
255755376
283785733
303737262
228150021
204820003
268407641
309770852
308888457
301286079
234844035
308304398
269121841
234762637
233137966
219120667
227551786
235168702
185308981
239390455
237875289
305697871
255612675
231653099
225513746
219309892
243248459
220726197
302964532
238569495
268715311
258000888
228279623
167661190
296951246
298847386
226229928
182794538
246679295
203049177
209537931
204929551
209653378
197530416
179279878
187568834
243941199
271193835
230016515
210982411
282056875
234062890
297097184
192513961
238565341
273075639
184656680
254970703
299919465
226856149
220439363
213382493
293446762
187192954
194354284
178107967
246243428
228112717
247973826
216366407
198793959
181014693
202731950
237262444
206870370
305506098
198735546
211116085
188563580
291582542
192650692
286561627
262389043
