298228865
250936136
219525673
226903829
295079827
277714008
308398876
308680024
268786592
285002034
189251202
262798627
290855792
237252654
290340915
203098253
273796731
203598798
302017247
308469762
233521317
308013432
207510377
241233411
240419558
186209656
273609089
245471178
297930333
306964561
240885597
299173736
234714810
279209422
256054794
190071765
298291726
308519570
293606828
265908052
295333173
214784450
275615855
222382748
272661991
301888166
273750605
218328353
252359262
269988294
264041595
305778344
185095664
304337226
281543122
235146015
270517606
299861057
287289649
254696149
280004142
276300213
235014752
260391837
271420311
272637851
248833817
169684819
308924070
242225716
245713966
306129686
163209691
284255019
250719200
298092234
164837018
309066997
286359087
242105355
253619244
284166362
283910336
300249360
287715670
305788268
151486466
179860918
253967190
273405939
220084755
299337234
236853797
254254856
280825477
260933830
168011465
198161841
295950473
237307404
268705910
162034280
200378002
278081998
170004080
235765344
275558802
298014911
256457356
161583342
281426699
236715758
203868439
201428908
195131195
308694050
135335424
293532249
292544876
281837143
275196177
212340628
206211978
308622478
293449721
247508213
171886396
170176296
268728071
207420328
289804911
272725799
257824998
216540325
305274124
203407228
167797833
197226738
281243527
244141557
173349823
162300979
271006211
200094430
175454080
173105960
261516177
172202295
289539566
232677539
285702258
264147675
295798544
156702843
232481512
293321046
154469765
288468373
298060142
303127967
245019178
293202810
302580767
241377649
244828690
249110694
300906752
288880910
293047094
