298228865
250936136
219525673
295079827
277714008
308398876
308680024
268786592
285002034
189251202
262798627
290855792
237252654
290340915
273796731
203598798
233521317
308013432
207510377
241233411
240419558
186209656
273609089
245471178
297930333
306964561
240885597
299173736
234714810
279209422
256054794
298291726
293606828
265908052
275615855
272661991
301888166
273750605
218328353
252359262
269988294
264041595
305778344
304337226
281543122
235146015
270517606
299861057
287289649
254696149
280004142
276300213
235014752
260391837
271420311
272637851
248833817
308924070
242225716
306129686
163209691
284255019
250719200
298092234
164837018
309066997
286359087
242105355
284166362
283910336
300249360
305788268
151486466
179860918
253967190
273405939
220084755
299337234
236853797
254254856
280825477
295950473
237307404
268705910
162034280
200378002
170004080
235765344
275558802
298014911
161583342
281426699
236715758
203868439
201428908
308694050
293532249
292544876
281837143
212340628
308622478
293449721
247508213
171886396
170176296
207420328
289804911
272725799
257824998
216540325
305274124
167797833
197226738
281243527
244141557
173349823
162300979
271006211
200094430
175454080
173105960
261516177
172202295
289539566
232677539
285702258
264147675
295798544
156702843
232481512
154469765
288468373
298060142
303127967
245019178
293202810
302580767
241377649
244828690
249110694
300906752
293047094
212610599
305820917
301601033
288784672
286689449
277123869
284862882
248513003
256600150
288050033
290264275
276049653
288828862
301070257
252122680
292350647
169354043
234859155
256510058
187805017
224138517
297701132
221232891
280149321
284717094
255662977
242600093
290184515
236875779
172064748
249686243
192217953
306907652
264176215
283634603
274847612
173552862
265380208
254920660
136207680
291319321
232199740
276467441
273660102
281052123
185004005
252811106
222639555
183922952
258667759
184787771
208728987
249849333
221145517
259669883
217054664
190164406
197338254
239400061
286834258
277692677
243481300
146169459
300792474
147795123
182527971
200793223
195758538
154741540
240163353
257064398
218273675
266099119
235760093
243214648
225653937
222934028
225428230
152710512
230065013
179410700
238880314
189603710
184617483
156030718
185536255
225186742
296796022
257756075
252701784
196443377
218340762
269511475
153182064
268616492
108730196
297608965
247948313
223833386
262531385
229584559
164746811
292274207
241795918
261222089
250823317
143011939
172957541
187184561
72249895
279810827
250287367
191537535
222417708
225219515
287269781
57198089
276726771
209887103
239917611
251511060
221775064
216519598
273097051
186310761
171479576
269133476
185496323
153689929
268891316
270625521
134194546
195805049
291098731
221556751
177062255
179502144
225266217
140923418
182725315
193162043
181164002
242196047
172886995
213054196
248938713
225912930
171868875
33704026
250833773
147875915
225670511
173317825
155471521
285376812
165982597
133857998
184471304
278499704
194497738
30133659
179524341
284275571
307639278
276549436
248710418
244997867
231133274
237552870
229123552
296190909
264974433
197606193
199723947
77678114
287984063
151824457
296412471
239538765
289482801
287615013
276191157
278054023
297276647
156786003
278051705
289133250
237344753
211881452
267814757
146003101
169806281
276583637
171243422
206979317
278258105
276656955
293612828
183727403
288224383
261952458
226054703
294911316
281196852
291711003
183027436
271141725
298531180
123856224
287809077
193402291
226362607
238408344
302391163
21231303
7002560
50106924
215074380
229136685
154060649
212686634
78473692
212658116
3338359
220861176
291561900
290496600
235169465
236889186
287971614
75161364
141267584
223800573
290182530
195772573
235579737
291064348
277885362
191445458
270667313
230518459
118833820
30608624
84658967
214970863
219119996
168889690
231952417
248035299
217138610
286832806
280659458
291451798
96754123
218083019
259276829
244863876
172960062
275837847
256697387
107340754
259028922
204064830
173214667
186884386
203943320
137178502
258578982
227944603
205360183
106389075
89215860
253074266
155971435
228371296
232152577
106689337
111642524
188363892
231265609
234117131
14352297
113399079
231982698
28905024
19346423
201448540
86920846
193582441
122489651
7714020
190913566
212629099
268496298
154297325
89210720
229386265
156492040
171721361
295142070
261642277
170115784
282595033
189177523
171040880
240318083
296614750
81238532
240915954
176306538
54101175
230290254
153629357
128538216
183767893
275769106
139658039
177016407
245842256
143883049
164658708
281609197
299176278
92897583
204036905
222341537
306596067
88422380
299528820
279018873
22698776
276394206
192181052
290641651
214176617
291226923
76442305
55710833
147918334
274895513
171765785
280030158
193713859
710060
308856405
286100731
262483161
237145696
263111912
191600184
260760538
171041488
67532918
183406872
290169920
43201942
13610104
283806203
305206796
284572921
11979570
225087578
39197692
296463333
308665054
298498399
236960479
206820274
233163680
213456392
205702799
254926559
239193223
10266033
279242770
12385767
2241688
223057694
123705992
175413431
88193723
228008308
251264897
181497538
259192085
5661933
44976487
25536609
226139490
150713282
7095454
288290263
46430818
151254281
77919373
134173844
183152776
44203416
55508219
253312674
247910185
84809241
154577697
4301817
236664922
221103987
254459098
49797557
134346548
214122514
245872065
248942338
275920767
198932123
236084566
9348353
115010819
5892596
32341001
222044697
2686883
182041272
301825693
275910882
53006171
131872813
172604958
217242901
229676461
33925381
205705879
221801833
260352776
194037343
3758122
218823820
294162353
223396512
295781769
248891081
184184331
137538587
193671086
33159556
209402734
183234541
257894928
245241616
216425464
65064229
160480159
281653515
247199188
231187810
43729642
250093089
239689954
171873000
162845242
274095821
253953702
256483242
151765715
242857402
114704132
191812064
119852136
293014949
6278530
10867681
22364181
229306371
212114777
190742309
4183230
234264898
206150523
94620420
229705651
278917288
300543005
258755616
93447118
278377657
13521578
221257418
57116053
259515151
169242113
283184488
222318150
10111023
266021625
291384960
191829113
273072340
204676234
86678640
263115120
207883977
55558366
163465871
247676906
186800895
309770877
169601605
98989627
174066126
249087567
297733913
174211322
290196839
152087685
234272489
258790337
144096449
226496672
137433318
217109793
132526420
220674596
289996924
213571206
176317264
159394763
210217673
235596287
212475197
222441319
199476210
232530817
182601740
88841579
161179855
282509076
210216861
182817383
180061006
133728258
267326587
264514053
207409397
276804386
247512477
199860224
100205762
174484231
268235831
244721863
143994159
251699980
277537068
234818794
222493189
266767465
279784878
113812728
288517119
308073972
267059412
257247071
194312755
289487979
210331253
68169521
230056319
285109537
160472393
260286507
235168072
180110106
302982455
238328729
142292523
301780508
295342096
238418698
155726802
134149665
186324210
264830817
199261223
166529526
228767969
208032192
268838647
196559217
189949572
242374864
169842338
168612516
267046695
239518001
241122828
145047429
235666894
242954821
222079591
270455405
288173880
302159185
258926630
271590792
245104266
141338163
264817592
221994821
252448932
98884719
268341318
258870587
308085839
235626860
236960535
267265524
204578323
290299970
308623425
252522379
189813873
269002536
288029440
308343813
135242741
12987930
287171119
155376447
244437201
191106964
70460876
303363855
227412540
280654918
186957279
187689258
291577958
137612290
185506560
222692063
208571207
205766769
171400341
67279732
279325194
195475420
223315413
160714403
169309082
186529702
262598202
152956753
279736480
261500576
190497862
300819161
167113008
267829492
214795708
215115954
214966963
212237132
227551786
279650915
272694090
162333410
310732343
300078892
214169496
223539419
201627731
226619646
226524534
219309892
253741260
276106218
220726197
211985666
202126348
309020972
308138291
212013262
305775868
206888651
229485501
246679295
268407641
290924173
276607600
225513746
267720652
264055812
185308981
162603319
215589017
201093463
216065994
310806154
179980847
170861180
206156477
174599810
195346556
197454565
217505641
201311459
202218181
179409350
309510535
185993519
183969413
183917068
224941816
207633759
310317977
307529956
157351208
173521195
197187761
307525906
142590816
167580253
139512803
263654680
179704298
300106904
219506591
182093987
302852508
164767346
307132006
162878739
222489528
188220605
306089833
304181476
201257014
194945549
192073525
166011164
186932945
261565539
240654195
11419194
191755691
64183959
130257492
181080547
166239260
62295968
260096848
118698323
186327964
170735050
219340120
124695850
289756787
87227311
140218035
303090836
159429743
106283561
301961098
245564623
121993479
152980025
91566277
20727227
164933752
296275163
263544976
192948833
138625133
211308078
64534953
148243524
30354901
250782854
202913564
300792764
226023447
215079583
60959640
219767285
92765291
4528423
197712606
205230161
185732169
274191144
133693549
181946143
228356186
214172546
169966856
160601105
250678998
276649446
4104975
215232159
250085829
182515933
78658456
207216030
278589801
177061196
58981695
181632389
181528398
298661663
245860297
273841362
84076835
219489949
296700150
164773658
251310127
135628967
183147750
272523263
185487440
156731768
209369081
217812708
5764076
237619624
209377040
243308465
198215490
212177131
171911528
2274295
53381859
258586431
154494076
262063082
252126725
217818573
244489681
210643902
57935068
253421750
264313713
229925198
21820604
68103018
23277940
250013476
299786125
75985431
208895415
192335478
237656236
138551693
10784433
220647640
18828592
23851131
241340471
212177095
207904317
220872209
115185837
267729011
304855801
215558865
234456403
210973692
277339940
229755772
288083249
272899700
256841550
287746300
116972667
269036296
288541523
122838749
258262591
263196080
161407921
309707653
271118766
271701514
194125273
246241415
260744160
281543676
280814096
296956475
266612388
254067470
239001651
232275164
208249456
284388128
277404485
142288164
287046351
274681701
261278267
264485982
133240899
253622881
185576258
237225541
169228221
251149429
269621553
207084876
287977234
305818764
203065553
223419525
261418777
296502551
155291086
307616078
205129585
246272123
24179604
236481304
164915142
195207383
169511869
216748310
204513148
280395212
194306418
264071169
252130905
264504965
249700457
252904480
72850764
235577484
232188151
298238515
174412130
206941427
159771072
234823395
254522745
203622289
267785962
241869376
240886819
209663886
150259135
246528459
265940080
225182863
278840007
284464301
83307189
22328635
203938454
235516445
242522470
161787632
241480264
180027376
254397664
241475714
259010361
95090642
289107260
218147760
276026699
215227324
292367558
250020736
201824692
272818587
245916504
281507707
258978460
239762615
275301614
240726678
280041080
270838333
276646436
304310799
263192824
160625673
232942867
98039644
237274880
290144912
199221217
175038842
241520163
258239338
126929556
203409231
252113274
145793490
309223697
304287921
261985372
228497465
241075901
185663273
272114533
251910085
227352059
145215466
92200695
274501914
262866726
208422180
132477909
203099539
294367163
243090335
233816315
233651491
169624345
141905788
271126462
242451511
247697686
173461975
275131925
175823610
196747277
197312802
282460521
139506493
244391782
209575184
20056744
243015542
244189414
273467486
213128650
275860773
257662760
262278109
242240178
232868870
190301749
256635655
81242311
128143235
197509429
161923986
259651720
226776410
1205554
246156913
283806223
206890049
205400121
233303514
210499869
278348786
14723189
5151889
292440794
307550333
186989620
69807905
248918943
239325954
215789200
279645498
137841584
187869442
286278312
146408079
228774534
3428601
96573532
28373155
229849821
139702009
295835957
43864666
253945544
78895225
98158502
153867502
245650039
255824110
19329547
234420387
30011677
29791047
287633440
138967
143787060
79364978
156513614
152474301
253885880
238579217
64142467
156090260
71920444
266720785
181386968
231801433
44156278
192548412
213876454
246420149
226823621
301910252
212868471
186328438
291674997
75087173
281048723
220618083
223312319
159838693
251380319
208149588
183865738
239231688
56010127
259106838
225692025
155741226
211251546
153653792
102248216
219617402
214202607
59166387
127315810
158020598
28652497
134979485
137571147
90938329
188569378
218957425
182968727
163537461
87604476
307583704
112201566
234403824
306619644
275997665
231103952
263211649
224276052
219916594
170591550
85544130
206930119
104536637
226107419
167728648
139535049
225850199
230896220
147982124
149225948
95401690
192062607
249495022
295907295
245010068
169923571
37579103
166514877
263780035
106043560
157368755
198890994
62088209
205805472
185678111
59221204
212924126
197301112
150778086
186091940
174601496
181893806
174352808
230486662
138057851
97894145
243378031
222682447
199523009
83603355
248725105
301097579
244645187
231659742
176468306
210138502
153939866
273588160
10666900
32427672
266617004
9772435
266866502
193343771
161519349
36678325
18096590
260931143
87001271
294779112
239945347
264495363
252729029
181176526
6107824
299400271
47428465
310586985
209837689
272750735
292760325
93294311
247508881
261150019
192440012
285301416
256269042
17403015
236217637
293223647
176792542
163856866
210976403
303560860
101169191
219927848
279064273
153476566
282043615
265482710
261677874
203160505
244976042
279709630
277007733
231956393
167923653
245472898
183755152
235008760
271851004
225780637
196871088
262998202
293531317
272306833
267673359
197384569
307983343
108805424
211331430
276785452
231831497
204238897
153075025
238373799
243844304
112952624
223619148
223833737
271929970
231649505
299165860
272899378
294654469
232987909
290295887
307430347
300901056
274928121
261855824
228266249
278824470
284117111
284524074
267690095
289197935
303366768
262474191
303809868
251010327
268131557
195951330
285390204
297533396
309679515
101163012
257277320
247878257
225644299
278197685
251541815
305038278
224864539
288784517
230462670
226721183
234703748
246077629
279363714
197244413
159273209
286501699
268119916
295733786
167224507
283574678
161635676
236318555
215083017
174828118
269728454
160922315
245435600
218213922
160378031
165355509
216796137
261934034
287982368
309024696
231316682
256922051
285384339
186438446
224380961
201573115
288355478
159496520
261951176
166136902
278882037
168180791
161293330
162423417
249720068
206204073
286273097
284659040
288539106
308931277
278965591
274298223
297097184
286561627
276962328
278357049
153810796
305506098
179279878
262389043
211116085
154273032
276768418
192650692
156964217
155220273
154284153
190255751
229615753
213382493
282056875
289078845
196350528
262620207
273469018
260526707
291582542
212434480
308668015
215332508
250571624
226856149
305141488
253401577
266890577
202246632
234062890
309096414
181860803
218053411
210982411
161255111
294664761
295641897
302590424
213769531
295556614
211595147
189257483
158126516
308734916
221213912
212525195
283224791
291743060
294522563
301228736
299453675
278598910
291925321
143587478
284963899
295662324
243270722
293216217
293038197
308766653
308208571
156549925
196020509
296591618
280195638
272235053
139557304
300236044
294115839
302871646
295792608
299209059
301125891
137910430
279148826
239118121
25787483
5247337
169850320
244787498
155782752
185322181
174100931
161311914
90477230
14567090
165874018
227264362
156969475
3737569
157002783
223634181
236397931
178654429
178775163
279922554
138947421
283330730
124122631
73928460
9537430
248517980
133929146
179091474
3053923
177032305
131101377
130018926
158360513
217038105
14081781
88600855
38097501
272822703
157293318
289895678
186476621
284523315
221264688
260651613
262434546
290356880
196389580
275632862
274487297
138471455
234631475
197691420
243090076
279064925
300231776
137617016
215187278
191858921
266276914
267266144
293672779
281583954
230849895
221058515
275869679
112256297
260790886
219333531
308457020
245277824
269130956
181674264
207546673
167546569
266956263
267586205
283966366
216378365
268431307
188349661
230379838
174250433
215217671
158414074
141546728
245486929
23574591
177052274
287430558
205693161
138689635
215390837
64386969
187651827
310750830
227050090
50751705
8931347
272071797
237170413
271282642
308591411
271441160
269607288
301303127
150559186
142832896
223380870
268774822
247063805
176171782
254126998
267293286
181495893
293335656
225350062
230569773
135179603
165456735
143682324
230277771
301337687
196096804
150485852
189651051
223194821
163957277
209378087
266871543
134022008
218810729
199495903
238515294
189014323
250251335
145102980
168303650
181404411
229257205
299405088
234939562
262486440
278185959
133162023
185145830
268492129
177177436
162863536
169528652
230852484
263382436
299692388
226807759
210655824
234899363
209037892
228902635
229133401
251298269
220385879
162697862
233014208
166003195
124426758
142459726
303354072
283073549
292025659
38641475
243168963
192223831
272770266
251185918
224046802
236500255
218700211
287663875
284040098
251997553
307039308
125125819
295722718
172396044
281417824
303669989
297131559
277939184
184825476
118363632
221529622
294796227
294035647
222168152
221729642
191270671
307673639
54990153
167792698
177472858
164575999
15162510
267647927
122306757
43685351
288809093
162387718
201885728
2533042
152832459
148522998
247475690
237683300
304283795
159759971
307225855
189572782
185331693
135986916
293901706
263576642
138117973
137142031
208519861
258974100
150811989
135537870
188413735
74143976
200928130
160676892
224998680
219367402
147336580
89264952
267685144
80128159
306192325
71664556
181664657
266474173
217745230
229647886
89507280
59259069
173076008
174300911
82779897
135974718
206871355
135541190
161719459
136829136
52416927
282704102
235674896
125931578
303094999
109384185
95328176
181473547
178773078
241925657
119138495
303251193
101052539
290533621
135535829
160453937
182599112
272515213
237124839
213083604
63097290
264046206
205853167
52456356
174351413
197925265
180115833
64727707
73310685
274738777
286804367
71410765
300137930
253401791
153036487
164704690
167927564
162468514
260385956
150544284
3771106
293265413
232638164
195089855
250563838
291560305
190403564
107737280
143620800
248036481
70454308
83835344
219287423
88213781
305240335
278704568
259460747
294490648
198255473
167423902
11916641
60222221
257427444
214929958
226982965
224354668
218194828
143612106
108142027
280676759
289490143
185550396
55203469
310552976
89836809
262846481
190831951
155023927
306329237
262112344
305180258
7678004
187545774
186070315
76651837
201575457
198163441
240943992
244507088
302021837
257161574
298442902
280158851
227142434
219034073
311132682
255313853
59761276
197905282
310689215
63892261
6464140
302582804
7617934
299204908
232871281
231112262
167967627
95109183
221869254
178981211
304799086
219556607
304615280
310780409
197942922
91296259
262360985
66187898
149108408
231554972
235819504
134359519
138247648
253244084
96480341
146055014
256918698
11747206
181309593
276671219
284965370
293488156
298108320
188748592
294834794
65571615
10548339
62730312
106140818
28922614
102169432
72676651
40492362
191386582
69661648
203081014
298624752
278729212
302456861
153427219
293393113
283629131
295198681
18491397
127566494
191671896
18008777
8860720
108358438
168979165
111613734
19931810
51081210
114650603
186120561
257899265
158436236
201946109
304521648
193450902
290788074
119328737
250368752
290505575
11480194
221211622
267020119
309906903
178009333
262840107
304826233
90446121
11263027
142718561
110335203
8440710
170385203
2295315
305718394
144625075
167197726
25085509
112897891
72865521
209666836
310639554
216558103
158708534
196946465
173926379
126163603
229446074
198835539
118165538
302295180
13095623
163079007
246428721
166263524
5584379
256225226
81575313
207297108
50857014
285339000
202782651
179396040
148700415
187367455
4698469
1391658
232741632
195306658
245894393
61177224
50285698
300963223
3509586
192193601
39448091
230282139
202756855
226366253
133527073
7465858
4324235
249091858
199499862
203491034
196876381
169966344
43111762
254738444
3223292
42225785
1269365
167865357
209231289
215522049
165621253
266234430
51634203
259648416
193925839
176243747
214183529
188319076
272215484
176955583
32415585
192159678
13490329
247179346
251430684
303423150
100410573
39570142
146274627
22175528
205109908
208155696
203099043
2277064
303407619
199379137
63773115
85551263
85742485
173148892
7501023
269479334
310153509
293366554
83944892
245675101
15007752
3690146
63539487
3739439
179148143
3064214
211381486
235587068
187935574
210890877
117775485
223386286
228691204
52028706
34518485
246481823
237550548
273004966
151148239
50714147
303167536
253340319
13842693
298051050
26689836
9415202
911807
4902580
103488070
256125700
245634458
308811374
276093474
264570983
199955426
225570938
257643660
149424502
28804096
287185006
304189920
286768492
172434804
303133264
89566842
263416774
186977017
268728319
250910191
97746859
210145520
296785546
169690112
142983797
240563882
67428617
222520917
281427469
145074992
226404320
150982264
208725557
162192248
154249083
151122870
289473374
291633791
238976184
182865497
246680615
151874157
172749284
168387928
134050889
310132412
255543149
294083959
249259924
120683979
184059065
137937041
185821589
144758253
277025437
127017755
99798623
290460156
125356926
119086019
278264424
16458845
149044940
61892453
53353262
185936186
303257214
270306853
169023322
161903853
183028853
66936700
200357438
237753324
298324959
145466144
215984411
300381833
307467665
214855825
233757300
210168844
219279088
269579833
139346520
257557485
158275471
138616711
300296049
151057051
282692707
288936788
155519229
141488387
304096761
300523293
29549082
302980116
285710449
284206072
248397072
307581211
288936372
278297282
306055407
281821053
253091965
302129079
297203412
302455922
203259900
220270257
311549584
299336996
281533939
280277223
220929445
165123371
306334311
196941654
254481560
247510813
134864164
229788961
274190812
202005824
303970720
196928141
194566093
293916185
238652343
131662790
197636527
243280665
110877426
120267067
308455908
197921684
206901760
133822103
278034595
282858365
145695145
120375972
221806099
311545328
202699947
10363245
250151388
223739023
211493743
232976524
289783377
295978736
188005546
280635973
161339400
176082900
275729803
265719419
277353541
287663941
307843229
293586322
228634295
307161806
196165047
170351927
168567331
290990727
153624692
266713975
269485606
12971587
308995808
303327786
292124730
309372250
266719080
274325427
222879236
310961682
136764726
212108579
227040458
248777386
305163019
203530180
222330817
225150569
151992082
214285530
277311645
210417772
195177186
142029480
307703521
22920560
306535101
219121553
224025217
203945900
241418404
264562249
186017639
66661542
281081131
282867319
227879684
176285070
224008616
296624791
177055189
238251646
211411639
288488546
257079130
243856320
196520620
180985667
295111756
254411235
105618741
210809692
229874828
183155667
174605032
308755530
224902582
143638455
205327035
58662051
303801211
255370670
300002005
240183969
253342752
277315219
212958460
196390147
201055266
140064225
282569304
204601173
293836174
284616553
289022573
204316455
281881932
74364584
156759182
190033446
205674608
162515617
139578454
111956965
295577186
170666796
293404667
173897924
193130433
280648795
221180390
197067708
132827193
185060747
172245821
200799462
291956152
203328008
287298887
258955115
152781159
138945756
156533572
262623862
242960438
306472905
140051763
212397111
267063824
295767948
238883479
299824238
166383283
5632865
276705174
226631071
228592313
24025614
292849457
283145991
290408199
128333770
166519046
290240029
209864237
250357190
238471599
239714573
222805911
83492218
293404672
298667930
230726406
300128225
310433033
205052762
242166041
283656411
257615431
15075778
281172521
16441849
22237393
171284586
311017346
217787539
152688885
294191954
210778748
9295960
264362324
144544895
105621752
296581902
284516418
273257035
209871934
33639790
180890689
155560167
304396014
244252680
168503937
235499411
283453232
6162458
55658647
244197937
236283624
216741371
109612904
188773519
232431947
259779633
156522893
101399609
299920631
292938682
99459552
276241653
168211595
156662137
201164770
276909611
310092002
279560329
291299150
263362071
214159510
7271062
240352193
290332592
247148425
171393267
286527270
208977150
310154824
56345683
145918691
200257084
267845993
307436974
31391852
206523578
309258904
64959071
267394944
274037078
29817877
18711656
288954273
246504907
156520356
192830504
246749821
124397453
206223679
255947930
301760782
223702009
184453270
171063190
171088695
266387703
231677276
162747496
252182312
147192390
291080424
278682418
200990975
137823644
59761889
135051497
251960152
153943119
208449356
236568417
252615684
72330966
165256597
215570394
159917003
273255436
154802207
132776065
308432298
194090796
142507159
284823385
158269055
29404659
3187434
198715563
196406319
192365052
98280417
180671346
100881397
193807805
85813912
164062436
235254008
161075791
221820179
264403609
70256633
181707591
26017398
7559884
182095997
15247221
206043278
173346075
30883516
308692428
294628704
177154068
5618611
291002153
293363950
15650008
146871597
164810123
293390902
229947054
8356083
44736043
199427853
59825443
19735283
82946789
170708002
300074538
176900716
295699643
213065294
11854972
2547887
51945391
137219925
65051579
111570593
292891135
24233598
64550231
229608975
169138480
301551335
153977584
144512577
206520537
26494445
153430455
185628380
2373480
146323990
162278227
113933398
160524042
61486682
206334868
81538655
196191202
144519872
182676779
158117988
145915030
62204595
114007575
7616636
99597032
139763441
11452661
156294749
141113686
138308899
103463266
32039403
82059560
25808160
171118378
3985395
214153140
153788909
179100601
293901395
36500147
215709978
472673
298555460
214564165
211570133
3372282
244425328
290057891
295148180
17020656
145274672
74275454
165050798
73162898
286987665
289229034
261862278
108341290
178423436
12092810
100857479
45419937
146927294
137917103
235056445
2033135
275460712
304372551
251893655
275286443
23946708
85058258
2921727
229561941
164225185
280342652
146073795
80835839
168140841
151733266
135657386
216322334
253421434
214367077
138836589
223216477
259406181
150788471
261936045
285253011
208369510
252994768
305254430
185668674
218307866
172424519
134585897
3651175
296120719
136009375
258569914
150175894
118029422
263365752
207830783
300252940
299287980
107570578
236782541
135189744
219582848
259035416
182921647
208221430
264266560
126481073
156854839
238679429
163078022
125660249
138944272
141936826
156713280
101268547
186703858
157742142
254299148
135866623
148378953
5533398
303580656
148915721
307778488
233377309
268056855
150501741
107734833
228348814
310360082
252038304
261702432
287087813
221245970
259576374
88209552
140894720
290895759
224810041
173081268
172219100
241282461
234079598
203040285
243157387
286323147
292172644
307220496
197926541
221776312
304735343
247681822
265713211
288172220
226603731
300249749
304197139
5037070
298251661
257902488
149227589
299862067
300263388
302540368
297409623
288493773
284253938
271549627
291040909
293177071
285136633
246174051
276777074
169746890
304296644
191594008
223733295
172005154
168224171
293240150
223335241
229196676
266455712
166038809
309894358
54197710
202456587
232929364
200052658
135280216
297660432
220435158
208857177
204855899
309916077
174400648
270064753
274934044
139398614
140382943
219044444
206726800
310225224
216626391
80212655
214851623
107870706
182535310
270703537
263192470
245580157
289900252
240056944
64438700
295270713
162699096
179944503
238517421
288220661
229959914
173216716
246855943
175716437
275158797
274857137
209887154
257962057
219710496
200832707
264339462
291888887
288261522
240657802
190585621
172818863
253113235
59157251
244340614
284343264
285793057
199155007
172358828
309939083
271932859
279622572
157144671
271044039
248697664
201475305
156783268
292180657
199750251
242079893
308215579
303825850
300814394
145575721
304493333
164624373
160604499
283205217
293474145
306119016
151257924
274490194
281876438
161036322
306102189
296009430
276274050
234452474
187324435
270537085
267392231
281887633
311503106
302314455
262354600
109463704
270886686
306238589
306031873
272033128
305444787
308796117
296110521
303954893
310873293
209668471
258178770
224936846
229812643
303614415
232265630
279872239
306744265
309904858
288660365
194326656
288787847
262418067
210748314
260584120
247892433
258935934
197711555
258589480
307899928
236855413
309225370
278892808
231204557
289636412
248882958
249707700
222336617
224434642
162288781
203457384
305859679
168544585
267727185
87315831
262045056
311204374
183177043
165275503
180421174
144372712
240060892
283008956
296640910
176710563
191031038
293265990
277861408
164982861
280767688
274242636
247362429
305469966
156699859
308726337
126230606
311354014
32703495
258424743
223940379
289353357
245489826
147328976
158129467
180107203
249976519
237678281
175039035
177658706
161636756
253682810
137917919
97659308
311465904
258828958
295865688
195118297
206104260
306920547
208491832
226168871
294534006
245438556
28856139
195918977
240036475
144527171
178482825
203353763
178567196
212175943
232181943
226083125
148352270
154506566
200957233
284452832
249547057
309898536
263048648
273528111
302405639
251262778
232762917
232353068
226521948
11229987
104204854
75582728
131410228
192801402
235942324
280956623
287363552
138115598
205653735
205689911
202969127
248615964
257023979
249591093
289664652
165160001
300877650
298101031
244650328
303562505
176286973
307621443
286467107
234715722
39868656
167277251
306205886
164513359
203992699
180963684
227021042
170226655
298441097
307226532
237972271
154877767
305288592
231568255
287728986
311623157
85850993
270897059
205939185
61257869
207833941
144545116
79271409
257374561
140427633
122573314
269404040
293213077
92157011
302028761
277629044
286713661
97954718
141861046
123817557
157793147
162629714
138284579
69508732
172412152
78166015
155216588
290022225
145639791
182613587
289626629
184821573
180229849
294813427
283680692
297231806
257226603
172940095
250123663
90189281
300267184
9729966
153821000
295803040
295654606
8228685
209409170
168412006
303888331
57914123
242621179
174299724
205857241
151270315
44841105
301919049
188712948
295722202
124724182
263371208
138717545
295468147
223379106
293160446
209978980
193947314
209939521
242565472
43539869
287698392
221075951
247003933
170308746
209656164
207064622
103393252
287848599
66952544
249283235
249080850
120925986
208076759
278122028
180955555
238421541
135140715
98790806
201061257
305999272
214443025
283024645
139113386
161799621
248396816
254271093
148653420
258827224
136045553
161519558
304640455
136990420
260621904
126029487
199690353
175886152
113191665
8529222
208889801
182708678
283543698
205761532
26134738
226592047
155847580
225643492
230164544
138294675
256081991
69653283
39075919
13734548
14526613
203946764
187539250
227711366
247530193
141367128
274523697
108385147
246367115
200857065
31243475
242609976
266213173
1397751
34544478
308791682
218709758
184901902
182864408
292807991
280301835
200225498
199619478
174887597
21126958
218367093
132608985
271477765
142308051
16382890
295043585
283643289
311581366
168563227
180468158
183667937
310966774
176614859
195956634
235635537
194793764
191017838
159741458
184369880
295352279
159660264
203050059
220769301
133445067
168371008
273611506
300519285
53464809
291497251
237664105
84694618
177369773
158748365
152132661
306073252
309041016
89309702
151228369
163515191
309260339
276241343
713408
10016904
171173353
5036187
184619157
305243208
180246737
138868649
150490686
181305029
271408649
174218111
286877841
169769893
22407510
310774626
7562448
153335495
233154153
256875030
66495507
306956329
116370547
3582522
234912730
288820575
293755590
121545351
35814966
100300965
261320236
143473371
85493534
308545349
114149770
62038856
295986644
303003116
164768075
4244731
163353858
27795321
306028350
159279581
245285267
309258452
134676521
161478279
120317576
290523946
80369593
154560760
305869109
62955498
52677555
124544925
70987893
248013320
258722771
221825040
76313433
256708479
98817097
277710844
232207520
90323372
233683823
90657593
208044724
213344564
277590565
281676387
215871004
265088052
182117260
241205856
301008566
204893338
91158615
216061410
302072751
251780665
198886225
86839779
190647584
300768122
65275751
158728075
189050488
266949023
187528035
134217266
96387354
299685125
134452494
209067290
282816643
292718471
137027400
177399692
104004918
115823830
80547742
287643166
211341520
201468761
266020844
222898641
258840807
11387441
101090637
160147977
190329588
221227916
170482466
28201472
16297605
159988923
118350070
306391362
172953803
184641574
203227432
231105329
225786619
144110611
19038242
310651668
173659813
46905534
116951255
39702091
59350050
138864205
182768938
21355731
203235527
134315366
206795514
245441784
27168328
310866501
231443316
230103581
118251766
225519851
176947447
173183258
275958707
52167279
308594111
170333393
159858511
310749445
122533787
271677832
234136965
181562862
24919790
71754520
238128225
109976616
178703833
172213902
211480082
163905224
31475918
230179046
61718645
106861541
273507651
311006739
309784390
136701737
27030214
147086939
200382394
7169408
171874511
160502362
151062046
122865156
188734369
155420746
184454681
259526570
245312683
162570570
286130498
9451400
53216888
94419158
71717298
203398227
142551372
309268474
162337503
147726786
29904087
137252832
191359012
44487266
304947872
221539301
153397742
146900201
114464474
162726788
173519324
2433897
131578570
31539209
301348113
307967444
193207515
5361425
67638881
19505126
4234266
11515198
17304227
196109351
189866771
157492398
184350792
194267670
249254759
156020134
94582564
250571294
215050901
255819648
290012118
310007763
156439762
156933451
258609596
226963993
108520133
238885219
278788029
180862684
274028662
284096449
293280966
252858224
260164922
264589157
310878741
237607845
262176594
249918405
133363529
139124697
267982447
213471878
213326552
304873746
311129980
276921863
150318386
90417452
185181601
83627590
236317390
306348740
309990667
157005849
303232963
229471351
279920138
138372889
147202180
164587265
213051646
85943038
283279990
311837575
261566393
187206464
61940750
186088739
257840055
136834058
145627000
74225558
246489915
297239130
174411459
267562382
117724038
137477545
52139047
98921026
192799530
167242801
32063180
191506981
166925660
248496912
200023224
252848146
187698287
232319819
265783529
109461890
261990808
245707294
263357551
202107987
111617597
301080542
5971740
137102586
145229426
174118901
302746025
220489538
156550741
310756033
124800962
258098753
89375948
196987567
115075372
256262871
307229587
286265932
162333819
95558563
171849943
217611663
265478426
253876117
220759583
72470807
298230133
185029561
280489019
133567720
219650651
307652925
246369554
224511041
210057927
308941527
158098005
160318816
129836106
257447950
135854178
282749227
221750404
308690592
302097412
292041853
297496734
211745657
267296463
263622073
266160717
290295926
92868799
250211772
277306687
206929151
309816030
269874120
284772638
268628801
310408822
309786436
256336365
165600797
219577615
305458707
209462705
301646674
291378790
84573098
195173409
195601459
213949446
167399469
311532803
305771055
297088944
255460123
309239729
114078340
234799371
283802045
246081015
301377380
237630931
265692424
273653136
292282843
269168779
132856289
288995337
272079118
206205709
191589061
208869869
181471605
162636992
289910226
268856654
302872615
182885312
292108560
263452836
234595863
194973833
300643360
253499530
200757991
156201061
201442316
230829891
230014869
184440957
283897635
298829996
283103572
166359920
280737088
86807222
301727975
292321705
63644019
246538907
276986324
278222172
165626775
239378386
287279693
275672327
165006517
308491353
182361197
308763579
290868902
287924792
292072519
175798854
163395957
150842867
147475632
214261058
142117326
142811925
176729539
213263208
227806232
184710446
285640418
213332444
277435956
178934329
191901140
304576944
20914796
137189701
203322187
151118307
93144409
36161623
155302092
206073633
25810859
299544459
209468121
100834025
170080550
71464906
228534898
282172647
57577116
292113241
19582638
311410552
174357577
258926764
258660845
292136386
24724644
65127077
205786863
292340174
176179380
63559067
181007489
305705442
253332290
294135872
71295715
310301846
219160288
62036794
303715429
306842039
180785295
232535842
176806323
271518815
224322277
183707378
151323162
293778404
300418071
236815061
165095506
299838335
300245263
237401186
144311570
210318088
282830882
257259210
288685627
146439654
179059269
217693019
264565907
219417030
249616370
198311365
133727743
141495922
232998580
218658969
205988952
231535075
251826657
174164615
309479994
235581450
235259648
196817091
226216562
173901190
251159314
215488934
210552704
215202494
7361559
309376077
264495837
247854199
300651772
303590331
167965990
88899643
68765302
158255660
311576999
248235636
252338966
133123579
225693364
155912971
307951255
305846671
147396197
193147525
228024099
236105135
228729955
182831192
308626206
285947689
298350541
256782226
297025253
163351478
303398906
254032970
282854584
254351571
247887433
135410484
247378345
193275823
138285777
135503121
184635875
268358618
252781332
38741320
210772229
148904893
182963238
189421567
41145238
228585662
134541536
254760961
302205523
224197486
176484295
94281085
85416092
151496878
212542381
177195599
192715468
94237024
230121475
279297503
259442710
132818146
256469611
297735525
298686844
203105913
218355057
275435800
43772322
177228708
212171108
52764055
238088396
233789962
131605981
291617720
135037625
239365972
38307723
305063616
204840521
133123005
168926791
78180085
190268816
312040335
250865722
271089901
36282006
183978573
21283966
93585475
310254183
198040435
249352100
232919952
164825780
248871990
202047761
3414973
280163033
278381131
245648123
237941174
83863415
300345074
72982620
102581471
63065757
68915209
195946985
58511604
136480587
188113180
71006367
263202504
137991131
231298817
199373815
127798332
202052109
6631877
244060445
20477004
208387127
190197458
180829186
156035988
299124196
48494208
138170128
138944363
25934928
227385451
4908189
245009769
288135546
290920936
310067339
27734867
90233710
279252306
194466712
307640661
282180440
189276521
221849377
279945733
173964252
224743319
257317787
295741582
255816531
226551831
213982432
19759685
148179923
309600194
304876338
217865738
245187959
193712550
299165321
160034087
210759150
183639524
277386650
204442812
264061308
275090742
202566647
165297389
282029056
150555329
201568122
166209590
233871911
161234284
131686789
58233193
146248588
279785257
230831823
27630225
285674858
268439130
101049577
276889232
155017342
180030178
198988892
233554131
101248532
134516221
230548132
276585658
239684734
141248236
249567850
221928538
32472099
194501425
268326948
297113201
230237803
219164143
107983902
297796291
132711926
249525011
161537939
162360762
28492286
189254905
280658274
194743163
201746906
243372477
282927968
309842185
230363653
283069834
240893001
266644444
310111467
300048026
298681443
221023761
287072788
291882405
228357057
309027643
302172441
282859519
303481738
233916519
296336967
259025295
298436639
263280096
181660312
302068004
9190646
302272198
276322914
224766130
219637506
298070624
76562162
175279646
308437737
270126434
284532971
239116012
219317544
226991015
286816411
221192340
120481041
180386304
308432234
308828030
294607864
182226235
199636469
304991003
177413123
298534385
174876192
290343171
299905715
293811055
225928105
305619235
222470348
235642850
273486361
245848348
200722025
282540311
244758030
173065883
307986388
189500109
296356736
303582543
307432408
267630807
239127348
116987063
158923071
301880297
238960585
153943671
192497857
231126686
158273041
299370836
223884959
262181973
57734065
42070768
272659507
116866909
182539726
262917732
183801176
160410520
169881771
184209937
195175600
265600928
193347843
181712841
177823603
296095188
191447297
301932940
245440001
158067493
305554574
136611839
311092802
214405360
303464327
259328936
300227423
299922402
271116444
305426529
306775541
307045856
311040207
276965365
278675391
290016371
249655148
292726961
302671768
308780811
287628075
287228782
210725400
86071475
213793199
168639907
270592737
44596922
107684588
310877857
138756831
125876777
15651108
273073402
197459574
80005893
168953048
207103119
281260595
211189164
29123543
108543287
307191444
167020031
280319967
195251307
208420544
191368784
214689506
54628430
139758091
160477660
295100387
236480733
300496857
298920805
301733657
177252031
143337944
302198281
312160217
310876802
301946379
294606853
296637888
304726434
212479492
305807920
161395556
113200070
186294979
217532368
285635801
203520502
304750887
279520399
184036280
228998132
292461105
235259648
256338277
89382983
256667803
1077716
222814687
275946212
283353603
176961460
306124658
169978967
221162189
170547723
182583104
198311365
304975176
239267055
144225909
215544687
257909160
220444981
306082928
235581450
281506344
211101795
247962823
304572075
284334166
212670456
303095408
128345597
271145424
262966613
137123767
146712284
252874829
225693364
236305645
295905561
301237538
240454938
164122195
195233032
139440745
311828678
224593230
135697947
248696569
241814013
217434609
247887433
252721152
67005424
222242979
71755637
252781332
296503929
206947378
309959827
283314711
252383915
187544906
226254086
289501153
292450301
239514177
266688082
296194493
148129243
224380107
290543675
260890497
222331386
243183952
179433560
311176532
239504190
234376840
260143300
252543404
235254014
205923992
311152161
237211215
211415507
294980505
45839575
24440618
311009158
230020568
188766216
172254935
49594184
222753327
230892808
298806140
305089593
236587906
291458783
195195779
27402330
193283175
259314757
307057262
241889064
229939237
264808843
162364737
182829309
190352156
191378747
195685973
127446321
192072038
84140621
86448576
224194558
297012112
145504858
141675289
268254749
221465326
307968278
139056241
304933326
88415498
123958334
205686945
244394252
267471328
232869700
191634366
242191288
121983215
295454228
267527913
296811641
226170464
146594526
131488441
147237264
124934093
218832427
274088869
305765541
251990328
229330079
239705384
234868481
146707106
152639607
121800655
303469375
176669800
233056803
215841210
158539382
112630132
205534876
221533594
270816483
246345920
87494664
45350534
277326006
167446964
60534863
193441656
204805937
200655925
278397824
190668609
137981847
142878477
188915142
122605769
110915527
143734792
285503546
268841051
310411567
288826541
296519040
305669579
113529948
90067197
195057120
295256405
161695411
146871305
223324046
115177459
84414174
134128617
203809511
292637863
145336973
275485791
117015867
307328170
291151010
61673965
255359378
114116703
132852819
244415699
136187810
140251414
250105577
143540844
239166265
256911227
251884077
274443397
120514371
176463562
217483582
243597860
136863582
85307048
310809976
208548664
135658206
169931308
188060760
198624209
102154244
194605706
208628179
209725208
117824440
174061412
175945681
143785489
285622689
268302213
308178504
153813970
292123163
215838413
152448745
191416292
198004199
57600597
256917295
251603480
160649607
86732789
264522511
134608451
236469140
101899450
242022632
208447189
153186047
177471460
212761264
242574647
261294722
89830213
82176084
274763510
300028183
193388078
84957196
194272038
132101260
212060095
198367209
222612268
303099204
198054059
284009347
105425021
169279715
135041072
156307529
305581246
136070246
1128802
233886148
171300604
282381635
18911686
94115857
143976073
120711471
139553539
218510805
53783657
31293511
312148368
133077344
113701460
295057918
232402242
10458640
7453757
190285619
294947712
110417260
232267719
20831302
179356974
137494865
127124212
62968179
39809132
194110138
74671287
15008524
232551249
27366559
277530434
233439073
101017611
297857258
275850251
310489335
303228264
290643052
301623619
214759951
263207438
245018934
260439475
266594737
271965581
53227645
229353448
3103571
170180741
53110353
271719852
216084801
6520010
1466684
23465026
140151283
220049502
229466975
225200544
212257571
265354244
7786290
200235395
42963507
290200970
190885550
177429762
300887348
31453999
221787770
44320861
28476066
271218259
205449557
229272155
287008075
263337127
193322219
229989242
296070806
282679024
265243394
55230476
67549731
228072421
311319505
161000976
77771194
294589450
217878134
220062315
245898005
309803529
231635945
279238296
235569349
226262154
207457416
206342458
141251015
207889757
180028560
190193298
299242957
180836420
162479191
91264798
216890513
179953529
153062512
283348713
298701882
178329800
302795860
109294418
168968209
2421752
227806434
180415876
267055060
155932920
88589937
290273086
248108875
272551030
310280388
282152836
266785747
297395228
245235922
57513972
239968009
105517461
164557744
166795182
262037274
202557240
194831529
248625065
306029954
282382702
132066160
206768282
199354160
203747598
283555633
172621407
269297544
240485043
215227317
171570909
164830155
270340310
145211513
222639517
137103836
267904322
278728395
189468779
163615487
210724611
180477247
199090171
288119418
218011783
293553119
86495678
61908425
194408245
270404847
302133241
215956805
226185548
203078749
272274441
63180162
308644606
213909303
306576715
233118771
194795970
285689555
281825522
197654548
179857730
229875022
288514121
285824474
312008042
184173985
281781331
278807309
182885312
259843617
295223306
218203200
298725900
279043273
201066603
239238966
301955053
238592915
222330867
140756249
165933474
276611926
237123448
292863614
70467300
287824849
229858303
244134530
156459724
298808353
268572608
311862222
160318419
254511873
242669021
195255321
269888472
197631660
292793773
111225336
312206191
267060557
298121521
196660112
274897384
254463668
158442532
223323651
304966237
160956725
175228772
233487738
294507809
219384111
267775367
283624801
196167677
268291987
267746922
247582260
229116632
211412411
165384939
259619148
295098439
152052187
276741063
153479441
282194155
153426932
310304685
306070360
271749111
309692520
181307241
141870717
301552711
304045196
196114587
202022588
234054059
277150483
301481890
255666406
222492973
87469348
304760672
146544404
293407515
262011737
207134904
253218396
293942350
303955847
161723948
244717634
266745678
164118363
240413356
307469568
194770644
179996862
1015653
39205764
193905241
167032308
61903543
155952518
174229850
24456777
103521062
261726616
280803873
62491193
135629683
80023004
234884624
157498391
94566403
267735046
234282829
217431613
36533772
92924093
173251580
22079397
81973841
222114023
85054703
29575484
57521944
9219591
35194450
269075165
273847004
226746585
216728516
50440804
64062008
193511553
218971589
11107278
6541332
11246207
233159834
135278145
110609536
122366486
274277990
127639496
236803057
195500980
165595818
27026003
190361946
52506729
94670047
175957033
142223676
224489200
21508452
126753668
164628991
91792837
6829468
199260910
251841055
17696693
168021922
23743244
138451265
94285002
226043986
73445197
276073479
77296272
132821044
237531886
17228955
169517231
113404278
239011001
21404950
209107855
234984181
187991301
67142638
111025105
4330375
34419810
231696204
3963515
106286963
261917218
41164791
178699958
58221225
184179190
134209685
96608224
2433936
133093706
95862786
196877571
163939887
206829882
195568539
135514376
68085463
111672892
203785429
142309438
226533516
258723083
258873707
108666180
2741702
283896286
66313143
199794712
119692369
183288467
153388267
136712547
162301410
175237552
274815722
26378213
226407289
69283234
65068761
152606739
72011851
104547381
276775365
57034867
16952857
86704536
284792987
85649504
60253698
132219954
273027880
185542417
201282119
170504323
23559575
101607693
157391373
29607912
9363320
71821315
20617152
249061026
97728142
109538743
307778138
13954205
134881328
166528130
282557042
305912224
269527170
271075300
166572475
296440066
283204645
311325019
255788966
200469122
165925295
294694814
282052480
282347349
198333361
294957619
302911846
248129776
261882189
153488170
311546369
297573480
250879880
293183159
198735546
170511636
297625429
200933009
307213625
274083327
6296367
230656430
142976957
299425000
271550144
152244805
293170609
221878767
166567704
17168929
167559168
191213269
194962521
270370166
147543717
102965421
154454485
112350366
163463027
298027490
205541292
158866243
11324775
236932811
289911839
171535510
192451829
284993443
125455526
175634110
262143219
293894549
306597410
137893547
235077780
305584065
10835058
283633314
212020294
238310755
286655164
298217822
300374963
306607040
45190223
232800822
281598002
310530599
308093401
289430206
304830151
299668143
304838700
309547277
288297885
267449397
310814732
25538153
288852122
235633593
288810403
151496878
272158177
53495717
281492068
244056581
291233435
229584710
295299217
54960222
150654845
217237654
6154379
163015580
54807167
303796256
5711229
274474948
292287316
256719651
221649953
31158542
185415505
108424458
45721238
297537125
15793788
209383252
185587078
278184346
171066585
228475877
265570385
230111672
193065913
297040660
218422082
132158081
296749892
236705044
289044643
266677298
297205994
278235282
264029122
293782886
284356786
140404911
310797753
238087497
280338930
290809282
220627825
284882799
282050693
311579256
278998170
296604603
225011269
307192124
243734868
248810348
264826244
231688341
138920697
199350613
275298666
308311655
298492633
102579828
184383676
199360415
300047908
178814573
300245263
270406927
244155171
310458883
269207066
222748702
269346119
209768457
162908969
300070877
294289117
261709471
193826736
142934948
193990322
275354160
284442617
213244687
169192942
311732191
153110228
299534635
154304096
244867540
258666576
241988256
271355220
192694748
225380863
300962239
111489561
167383260
309038414
179258612
209036406
311423042
208363111
256114291
298103255
307156032
157004367
196419440
261606022
230864952
253527527
276438893
242993857
177543761
122304916
176964413
296923697
296612191
239094100
302615492
226147453
292547182
308757508
244738136
137409633
308772301
309254222
248414199
277835629
262137265
312489595
201616563
30025797
182762335
162083168
218472624
224722956
168257325
231910431
6375544
273395565
137053470
185283345
154786340
225406241
210210616
286797777
271925826
41145238
178696536
292064191
249135777
173405888
295162895
146144549
143892568
283657376
226395364
86971170
163143145
258361873
171169445
198827582
235302648
279825517
241072256
306746199
199450489
152481409
119805423
267977067
195656657
118445699
221878431
295220565
264107407
152973257
232790790
276181663
150251702
239911739
199065929
300964937
291672193
162837276
278363604
260515974
285048654
304857611
152840959
67755039
303635112
39894998
267991923
159792923
217347040
202968850
158147549
142078529
284158628
250527509
254917597
121957227
273856045
189243541
166017426
231017472
264422291
224721196
309804081
249066212
228127408
175844822
124326789
153613477
835860
187592953
290994377
142564952
299193996
109526801
84748513
251792883
4750319
268073944
18555921
4373300
82559671
213522912
25270124
287765648
153308854
119572073
102850144
172244697
3015481
152325233
210314117
178720349
294590228
147719291
136227729
174604828
174163394
181441834
141590104
222591873
172061047
182019725
62706567
136884340
231829043
167696211
34934453
188142307
285319877
238578360
99525617
197846684
303122142
216283424
308953623
216074081
266435697
134010875
211666710
311508179
197519194
208628217
1652898
171085474
164076943
80696461
100507988
142323119
228232387
272341361
267689569
297208918
246373582
236869392
248385447
81044060
306952455
251308423
259861996
265811008
219569186
121579648
250833844
43521657
116607797
116559833
222444391
13699766
107752321
305316343
289619511
253491399
26434006
38222617
96581686
173993389
119728703
55156642
256726914
221118381
252817507
91722155
101778013
181168397
33033696
301362191
290620134
243216622
163698436
89236781
295417285
285454320
238264598
20835257
133623317
282136209
18609045
249913883
300195642
54772479
263210976
12431144
189125290
307666107
235756099
294310843
241057339
160935299
238081023
169202447
19438751
19631846
138974705
145901206
58723734
286117764
150796178
282375251
200621699
305446203
183734210
218641703
221856298
211329482
291046579
96840327
222080081
308381192
183389775
254989128
22281686
171125804
204924670
162813925
282620360
156341059
66450471
142933158
229970163
308591456
41583121
288075966
257969736
259119257
295259748
8061956
222459423
299180159
64007651
282234837
3613931
281206195
262088307
299259030
237781796
5214469
306277464
294141134
10420662
296027064
299324010
97207819
300508482
294325076
278269015
29820887
298293084
295739816
140360602
246142700
276881709
165250400
165096932
4030414
251543940
13549582
100527445
188836631
2723968
299280421
206234224
8543226
232530087
165698508
32782558
180975980
21772769
224092169
82535420
87428512
194979720
197338577
296223733
101265442
304803647
180899416
304001525
217473241
3027923
207708984
151737016
130370406
301061247
147173145
245956386
2202588
308764029
538034
255904587
51753472
228581522
230131626
12794643
311183020
279162360
298276670
263520521
159564693
121430475
272527447
210068633
256512124
295367431
205235298
257302442
275516278
226279671
135459267
266080685
214779137
167568841
280203718
154271393
162476424
254458406
167718478
221901962
303717241
291950755
273843553
215194459
224933345
289452424
192853305
223167910
299068525
269322251
269627720
169911842
303581077
287242851
200712047
157079373
171153113
309264617
107087509
217964368
241420572
212865487
275348283
292420300
161445239
271725121
214945110
278305962
265953882
294096552
264510095
270555564
246265175
219278209
169782251
166852779
264861993
183265000
254720451
224115494
201566176
168327125
307776025
227149656
185951566
239527751
240187420
232882772
257106802
218505484
291640468
282907836
301632370
300564697
146466697
140681046
121631540
302198363
283330330
264698676
267732635
200238918
271854639
228370222
134220135
150808225
249985529
287078915
258710975
167631502
125918079
147071104
276248993
289804599
281220167
159743248
310829647
157538617
81149843
232416773
246489460
312723702
191125174
218266712
309727324
201442316
294359493
301595098
217362129
297695739
234582687
268320763
301239445
276851420
287691300
292229284
225710824
195366740
227903468
246979300
248697206
291919326
196369184
289824050
281880096
226391077
237204545
275286430
148415038
239409024
275240889
305361877
211971073
270222323
211154002
292242548
294236348
274296706
276284841
278820642
155779394
259376702
298697949
300293986
195933879
312693366
169906354
159614580
288669764
188299272
274855171
276086611
213026638
167429634
166116249
296597174
196701133
302002897
291230857
309100920
86850969
221942344
277846927
299080719
172522337
73024581
296181850
190144011
216753414
308161388
227268088
270409481
203101870
180885176
270376831
249611390
229925248
253897623
215087974
46277858
159945725
306786594
290391822
79250927
181026017
156629312
194794795
238454765
219498323
182029534
52114582
266648959
172994932
217232072
2961206
146072973
100034860
4239221
154352585
34922644
5786895
273952583
82051750
180826955
4828673
62797411
118952448
241829095
152781846
249132972
1851030
169917685
38157160
224869419
249636805
168790890
20732388
11852401
24957467
104159567
26186832
15368748
107714903
63038192
140186733
279953986
168137424
270591963
280200080
17124282
202059478
19003999
290131037
191444712
193466204
235655811
194555654
205455381
153704969
190933022
5745474
203842871
160078837
135319848
18839764
113962444
224172862
176556737
100436443
98884854
153890779
7410546
18563108
85128268
306732512
47600392
222266201
82630924
186790423
124090195
60220099
104596550
215186940
239302893
201339223
4957762
88576793
144434283
209788640
7559327
216183439
1502099
266263728
236558023
305013212
237160996
312596924
272286061
304255597
275753808
277451971
299992711
262813715
241901057
263624433
252662912
249231550
234025609
311598574
277585327
293111646
275595990
291242017
305135147
312263006
285089350
165106986
227572385
215552441
301791506
261020004
288929913
293261252
299194910
271568778
297184373
293230082
292516624
282771116
289280022
288473433
300561163
292363505
281468868
281096111
291659677
237054903
236704644
310740173
196539532
305033810
294275005
282053364
218044931
145070567
266501916
159668429
279856703
298950412
286233596
270841374
289113437
279477840
227213151
208773980
274592940
253283057
268366658
286626728
48302707
265390100
304404680
307616221
43361936
269465584
246190545
230930258
264994120
286486562
271986323
293661800
305428538
272151458
310932585
247263494
213864558
243000871
263238224
255900153
88218910
275413313
254817591
129584876
253753497
256603308
304961659
224554544
177499700
65395306
271644156
158205752
310934376
264097599
297943556
169357845
268939378
207370337
253760183
108420650
67730457
9849906
231302256
256007640
156601114
134596521
139065462
248534008
177915001
203666319
192462069
173669359
31098384
157398067
277306687
166626508
296006987
19575676
229336905
178934329
241954164
255305690
248466579
269135220
215356812
136875327
271147653
258997602
174357577
283568740
194131946
63559067
197433556
55698678
198803012
60536996
196791068
93972243
10567101
182130968
162691407
261669419
260946627
312263136
124627060
283399976
100834025
9392778
228534898
71464906
305185596
278708465
167753594
197710399
200980063
10766983
5709533
93144409
260580098
164395112
267984914
270917917
65127077
5722823
253216722
287111865
277435956
284293197
278977330
180808662
257445074
285916249
98586264
246556103
162025341
241560243
285513806
275560995
179777040
297042091
20859835
300266673
310815613
237945090
134587228
174982248
291551486
242194553
124501362
183729710
157708757
218178132
231827427
278774281
286928197
311615160
298073943
237145712
277534088
311819056
283562987
20533400
204852962
254637380
190028778
156232750
269377875
277851058
265147208
308135270
178662353
248497723
178171793
98391311
99138169
118994359
219446130
74527248
172970570
275639297
234279313
255724265
132524843
304277896
126672473
189108995
266322310
277409288
181616278
122695144
271955809
139731954
202468982
169736064
271188934
228168226
161002342
240800781
4943122
122764153
89263306
261838493
281213273
176133592
246377463
214121720
186239646
180475989
288286285
106948319
253801370
155356194
186837777
187057967
175226775
112275068
116961274
277692491
263205685
146828921
113372459
297070776
297635852
169111650
135255442
270734199
270390366
162834002
229205609
191310632
123430860
245962211
204875132
274617165
168937475
180805187
47881675
232397765
144243624
135102205
253418135
147024458
134462079
190612656
160119326
287389152
210270966
299835802
185117860
86067603
240690218
62622661
260031002
231031555
190182959
236094562
257674612
147356817
194391250
247145467
299938716
116848436
243547540
208385305
133904318
31335343
146977452
106585843
51808284
152623896
151247472
233085414
182907996
232989847
299534403
184891333
132295837
142971581
268132971
282625654
181864430
298564282
234784791
136521276
213894842
233498814
255855824
188891577
190730925
118533002
292778574
218434176
215443170
135014870
106364898
217560832
119094501
311483445
268013794
257429516
134991100
238078913
241459276
153904364
17171053
263428520
134758908
268628953
134126905
201675464
120618703
235548272
240969266
247145170
49506620
254064511
71643024
182480341
275766499
226577871
162409436
260401880
151776305
151860235
18565161
194690200
163785634
286890126
173478111
312139938
13764353
48578758
290832209
217133143
291217111
276072099
190096859
243382509
159900026
56910318
192171685
289286511
183937914
19680983
308039643
187599369
303625542
68459701
311857301
294588449
308326927
158800327
154101493
289784638
59896780
302609463
98438441
171339075
22858475
295968181
182585324
196277470
297227565
16381286
37775494
54635999
312226431
310143144
161628503
308676208
179499849
312547933
293182887
165995487
188377136
37103016
181600425
7538546
50634085
135393268
24064737
151970564
273448675
312243388
172805145
102199608
233158693
70849521
247493119
19571263
52105990
295588184
243547050
307412309
311764580
280904789
244230189
299334026
271221193
260386187
299457756
277987013
300047278
290332335
281306442
284645525
276698442
85932360
225081617
274075701
220481331
224187273
248005018
207601475
304254471
212344865
265564795
4137109
103518978
281625116
48683341
308753310
3721130
134289738
15892686
167509567
260131808
283462050
302447898
134733473
3499343
299756798
27330537
248989856
91431881
164296754
4806133
4850284
1802112
135877507
187207683
5576487
3377715
19085397
165436516
5587313
308627870
311611737
173215468
227129193
6768613
261519906
135008891
107113888
12861004
211102567
290623796
156053493
113662783
174179387
294717041
47733514
235218123
163923046
309625833
242198950
179763514
42719849
224415590
291400818
52448294
2514735
69414783
70005892
279490770
117935596
106222278
253336667
286694052
241855102
134345528
287934549
199260991
42474088
139701930
301365081
20504020
181148646
250305698
282628501
79732472
3911965
92131153
236999958
193156733
58320815
4409724
205649910
213242688
188273668
707322
302400848
186409345
213676818
311664160
296027434
226511049
14574262
153061020
204606721
299775534
139254498
4269675
35032373
176814489
212603403
137428245
287020930
28308292
53187298
4447766
15799242
302612786
254453566
20452184
22136851
218439738
305353075
3775467
112057806
207187981
236967217
112604578
303064172
202468347
310521960
6272737
290089222
223160189
150719665
29501169
163890463
13505317
8370751
4657127
26600899
35293376
194276041
152059648
253722568
255951215
69684893
5063112
302789706
295334534
301725553
183772059
237529174
212330150
47950672
122093490
225093984
240216190
288473256
85706147
172791873
121918023
194692822
54052134
269761767
225263136
276156728
205789491
184109249
236052281
255682615
257829667
54285187
231298092
200202440
173661152
241462762
241175854
262103442
251435296
212630686
228038919
213164532
247442111
236587590
107949041
229393295
222883341
233081940
294794071
83455740
297581906
217162826
201744578
284444543
275313533
310209451
301646674
235690821
294239057
157406732
277958765
152570615
267035381
282979227
253307947
224883805
280604825
200362396
305144625
281945981
267681337
238865735
196692958
134691069
273957471
298587714
280106379
243673623
290928261
163192310
239034324
156095767
209393828
277788685
230786028
101644807
165147357
242492394
271348993
283121930
196612488
288132312
265695232
195007359
237724428
249309736
174099108
232902015
122761870
205438371
258128337
298752848
185242413
199528312
273080390
162262700
234848289
154453678
186599928
191085292
308891904
158443408
182405386
262689491
153988874
190375725
251001766
183429346
268224149
181115664
275803836
237851293
162285631
223923884
155357996
269656115
310865658
185904807
252700045
267873548
242296342
259015251
265667743
245368572
307731234
298110808
270985696
286314514
278736324
235855667
248976523
302970444
200583185
290195178
163929873
214298155
164063515
175010827
239474643
163064638
255100441
269095024
283379496
287533944
133064010
307519779
261181677
287109128
311623022
278458968
276428053
255696322
223946276
290416893
296107833
179392956
198847284
260645806
173922785
249863198
251553322
309939888
163190507
283624330
236503000
296216702
231098696
157038673
291511631
306198108
304010064
217042997
222221627
302328232
189390393
212210118
220701217
310307758
225355518
225400053
267289065
217533399
164165186
171595945
285202442
240873459
72234217
270329719
310296689
172442805
172505748
224844555
234076112
228888946
308726713
292904926
268078740
254003800
247999879
123960275
227338361
231975897
176618789
254974159
294682828
279850321
287169314
231091889
260797018
165820807
297111517
168157773
297373513
216949456
212459879
180676771
167409454
311592929
172554703
284004765
290556277
217927852
287436621
175143251
226518994
201466786
272306903
267377519
220940214
207851048
199797666
278270593
296185055
310123768
278934421
306738244
154753650
300340790
247973826
258718407
200262947
289350840
298097650
